Tail Node,Head Node,0,1,2,3,4,5,6,7,8,9,10,11,12,13,14,15,16,17,18,19,20,21,22,23,24,25,26,27,28,29,30,31,32,33,34,35,36,37,38,39,40,41,42,43,44,45,46,47,48,49,50,51,52,53,54,55,56,57,58,59,60
1,0,1.39562196908071,1.41607052964426,1.47871159526201,1.5729970396704,1.68837873660589,1.81430855980493,1.94023838300397,2.05562007993946,2.14990552434785,2.2125465899656,2.23299515052914,2.20455222058691,2.13591537793514,2.03963134118208,1.92824682893593,1.81430855980493,1.70864378444643,1.61520188171438,1.53621276251185,1.47390633774194,1.43051251830773,1.40710308019652,1.40011725973251,1.40483615832409,1.4165408773797,1.43051251830773,1.44280170225426,1.45253712931592,1.45961701932703,1.46393959212187,1.46540306753475,1.46393959212187,1.45961701932703,1.45253712931592,1.44280170225426,1.43051251830773,1.4165408773797,1.40483615832409,1.40011725973251,1.40710308019652,1.43051251830773,1.47390633774194,1.53621276251185,1.61520188171438,1.70864378444643,1.81430855980493,1.92824682893593,2.03963134118208,2.13591537793514,2.20455222058691,2.23299515052914,2.2125465899656,2.14990552434785,2.05562007993946,1.94023838300397,1.81430855980493,1.68837873660589,1.5729970396704,1.47871159526201,1.41607052964426,1.39562196908071
2,0,3.12652308964511,3.2051110976487,3.43974197295957,3.7914049987509,4.22108945819587,4.68978463446766,5.15847981073945,5.58816427018443,5.93982729597576,6.17445817128663,6.25304617929022,6.15057913526936,5.89803898294554,5.54040619814989,5.12266125671355,4.68978463446766,4.2820376574749,3.9208050527241,3.62275239743565,3.40454526882995,3.28284924412736,3.26795248438974,3.34463348604473,3.49129332936143,3.68633309460894,3.90815386205638,4.1353709047149,4.34745626656387,4.5240961843247,4.64497689471883,4.68978463446766,4.64497689471883,4.5240961843247,4.34745626656387,4.1353709047149,3.90815386205638,3.68633309460894,3.49129332936143,3.34463348604473,3.26795248438974,3.28284924412736,3.40454526882995,3.62275239743565,3.9208050527241,4.2820376574749,4.68978463446766,5.12266125671355,5.54040619814989,5.89803898294554,6.15057913526936,6.25304617929022,6.17445817128663,5.93982729597576,5.58816427018443,5.15847981073945,4.68978463446766,4.22108945819587,3.7914049987509,3.43974197295957,3.2051110976487,3.12652308964511
4,0,2.30246981856376,2.39120522445532,2.65103067494222,3.03917365887561,3.51286166510668,4.02932218248657,4.54578269986647,5.01947070609753,5.40761369003093,5.66743914051782,5.75617454640939,5.64619026988286,5.37042816641973,4.9769729648276,4.51390939391402,4.02932218248657,3.56690482962152,3.15278591546985,2.80870279045125,2.55639280498538,2.41759330949194,2.4058723388244,2.50212066557146,2.67905974675561,2.90941103939934,3.16589600052516,3.42238604998207,3.65735245892512,3.85041646133585,3.98119929119582,4.02932218248657,3.98119929119582,3.85041646133585,3.65735245892512,3.42238604998207,3.16589600052516,2.90941103939934,2.67905974675561,2.50212066557146,2.4058723388244,2.41759330949194,2.55639280498538,2.80870279045125,3.15278591546985,3.56690482962152,4.02932218248657,4.51390939391402,4.9769729648276,5.37042816641974,5.64619026988286,5.75617454640939,5.66743914051782,5.40761369003093,5.01947070609753,4.54578269986647,4.02932218248657,3.51286166510668,3.03917365887561,2.65103067494222,2.39120522445532,2.30246981856376
5,0,2.37500451707998,2.43470242067616,2.61293535634688,2.88006956607352,3.20647129183743,3.56250677561998,3.91854225940253,4.24494398516644,4.51207819489307,4.6903111305638,4.75000903415997,4.67217186954495,4.48033448811009,4.20866546312874,3.89133336787426,3.56250677561998,3.25276944619138,2.97836588562241,2.75195578649914,2.58619884140764,2.49375474293398,2.48243869931227,2.54068798136874,2.65209537557767,2.80025366841333,2.96875564634998,3.14135680335368,3.30246346335759,3.43664465778666,3.5284694180658,3.56250677561998,3.5284694180658,3.43664465778666,3.30246346335759,3.14135680335368,2.96875564634998,2.80025366841333,2.65209537557767,2.54068798136874,2.48243869931227,2.49375474293398,2.58619884140764,2.75195578649914,2.97836588562241,3.25276944619138,3.56250677561998,3.89133336787426,4.20866546312874,4.48033448811009,4.67217186954495,4.75000903415997,4.6903111305638,4.51207819489307,4.24494398516644,3.91854225940253,3.56250677561998,3.20647129183743,2.88006956607352,2.61293535634688,2.43470242067616,2.37500451707998
11,0,3.27320689321185,3.399353755114,3.76872339840257,4.32051012773095,4.99390824775254,5.72811206312074,6.46231587848894,7.13571399851053,7.68750072783891,8.05687037112748,8.18301723302963,8.02666283082681,7.63463753231274,7.07529891790919,6.41700456803793,5.72811206312074,5.0707363812615,4.48202209129257,3.99287115972843,3.63418555308357,3.43686723787244,3.42020462554424,3.55703190728689,3.80856971922302,4.13603869747528,4.50065947816629,4.8652874924637,5.19931735171517,5.47377846231338,5.65970023065101,5.72811206312074,5.65970023065101,5.47377846231338,5.19931735171517,4.8652874924637,4.50065947816629,4.13603869747528,3.80856971922302,3.55703190728689,3.42020462554424,3.43686723787244,3.63418555308357,3.99287115972843,4.48202209129257,5.0707363812615,5.72811206312074,6.41700456803793,7.07529891790919,7.63463753231274,8.02666283082681,8.18301723302963,8.05687037112748,7.68750072783891,7.13571399851053,6.46231587848894,5.72811206312074,4.99390824775254,4.32051012773095,3.76872339840256,3.399353755114,3.27320689321185
0,1,1.3781920082459,1.41283412073605,1.51626095878249,1.67127634099615,1.86068408598797,2.06728801236886,2.27389193874975,2.46329968374156,2.61831506595523,2.72174190400167,2.75638401649181,2.71121586735968,2.59989450183175,2.44224761045759,2.25810288378677,2.06728801236886,1.88755045439623,1.72831673863246,1.59693316148394,1.50074601935706,1.4471016086582,1.44053501866974,1.47433651017806,1.53898513684552,1.6249599523345,1.72274001030738,1.82289878200057,1.91638740894666,1.99425145025231,2.04753646502416,2.06728801236886,2.04753646502416,1.99425145025231,1.91638740894666,1.82289878200057,1.72274001030738,1.6249599523345,1.53898513684552,1.47433651017806,1.44053501866974,1.4471016086582,1.50074601935706,1.59693316148394,1.72831673863246,1.88755045439623,2.06728801236886,2.25810288378677,2.44224761045759,2.59989450183175,2.71121586735968,2.75638401649181,2.72174190400167,2.61831506595523,2.46329968374156,2.27389193874975,2.06728801236886,1.86068408598797,1.67127634099615,1.51626095878249,1.41283412073605,1.3781920082459
2,1,1.39102603928326,1.41140726058811,1.4738420425944,1.56781699512675,1.68281872800981,1.80833385106823,1.93384897412665,2.04885070700972,2.14282565954207,2.20526044154835,2.22564166285321,2.19729239846808,2.1288815841516,2.03291462084918,1.92189690950625,1.80833385106823,1.70301704091834,1.60988285219095,1.53115385245821,1.46905260929229,1.42580169026534,1.40246934189371,1.39550652647056,1.40020988523322,1.41187605941903,1.42580169026534,1.43805040463777,1.44775377191511,1.45481034710445,1.45911868521286,1.46057734124742,1.45911868521286,1.45481034710445,1.44775377191511,1.43805040463777,1.42580169026534,1.41187605941903,1.40020988523322,1.39550652647056,1.40246934189371,1.42580169026534,1.46905260929229,1.53115385245821,1.60988285219095,1.70301704091834,1.80833385106823,1.92189690950625,2.03291462084918,2.1288815841516,2.19729239846808,2.22564166285321,2.20526044154835,2.14282565954207,2.04885070700972,1.93384897412665,1.80833385106823,1.68281872800981,1.56781699512675,1.4738420425944,1.41140726058811,1.39102603928326
3,1,0.265163268846083,0.27538245612875,0.305305178774248,0.350005552941868,0.404557694790903,0.464035720480646,0.523513746170388,0.578065888019423,0.622766262187044,0.652688984832541,0.662908172115208,0.650241864808892,0.618483802145657,0.573171647972125,0.519843066134914,0.464035720480646,0.410781560157564,0.363089675520421,0.323463442225592,0.294406235929456,0.278421432288387,0.277071590101013,0.288156000734953,0.308533138700079,0.335061478506259,0.364599494663364,0.394138096816644,0.421197935152865,0.443432094994174,0.458493661662719,0.464035720480646,0.458493661662719,0.443432094994174,0.421197935152865,0.394138096816644,0.364599494663364,0.335061478506259,0.308533138700079,0.288156000734953,0.277071590101013,0.278421432288387,0.294406235929456,0.323463442225592,0.363089675520421,0.410781560157564,0.464035720480646,0.519843066134914,0.573171647972125,0.618483802145658,0.650241864808892,0.662908172115208,0.652688984832541,0.622766262187044,0.578065888019423,0.523513746170388,0.464035720480646,0.404557694790903,0.350005552941868,0.305305178774248,0.27538245612875,0.265163268846083
4,1,1.24766200421637,1.29574593281644,1.4365401094381,1.64686697207595,1.9035489587246,2.18340850737865,2.4632680560327,2.71995004268135,2.93027690531921,3.07107108194087,3.11915501054093,3.0595567470688,2.9101268192931,2.69692137293723,2.44599655372461,2.18340850737865,1.93283386070644,1.70843116484975,1.52197945203401,1.38525775448468,1.31004510442719,1.3036937465781,1.35584877561844,1.45172849872036,1.576551223056,1.71553525579751,1.85452204580312,1.98184560867539,2.08646310170297,2.1573316821745,2.18340850737865,2.1573316821745,2.08646310170297,1.98184560867539,1.85452204580312,1.71553525579751,1.576551223056,1.45172849872036,1.35584877561844,1.3036937465781,1.31004510442719,1.38525775448468,1.52197945203401,1.70843116484975,1.93283386070644,2.18340850737865,2.44599655372461,2.69692137293723,2.9101268192931,3.0595567470688,3.11915501054093,3.07107108194087,2.93027690531921,2.71995004268135,2.4632680560327,2.18340850737865,1.9035489587246,1.64686697207595,1.4365401094381,1.29574593281644,1.24766200421637
6,1,0.600391211795266,0.623529824706863,0.691281816856922,0.792493843435827,0.916012559633963,1.05068462064172,1.18535668164947,1.3088753978476,1.41008742442651,1.47783941657657,1.50097802948816,1.47229856861976,1.40039094050209,1.29779370193398,1.17704540971425,1.05068462064172,0.930104836010709,0.822119335097627,0.73239634167438,0.666604079512877,0.630410772385029,0.627354416238354,0.652452095722804,0.698590667663937,0.758656988887312,0.82553791621849,0.892420170381076,0.953689927690857,1.00403322836167,1.03813611260734,1.05068462064172,1.03813611260734,1.00403322836167,0.953689927690857,0.892420170381076,0.82553791621849,0.758656988887312,0.698590667663937,0.652452095722804,0.627354416238354,0.630410772385029,0.666604079512877,0.73239634167438,0.822119335097627,0.930104836010709,1.05068462064172,1.17704540971425,1.29779370193398,1.40039094050209,1.47229856861976,1.50097802948816,1.47783941657657,1.41008742442651,1.3088753978476,1.18535668164947,1.05068462064172,0.916012559633963,0.792493843435827,0.691281816856922,0.623529824706863,0.600391211795266
0,2,3.01872276942005,3.09460111810377,3.32114208562635,3.66068001727806,4.07554925834921,4.52808415413007,4.98061904991093,5.39548829098208,5.7350262226338,5.96156719015637,6.0374455388401,5.9385114865296,5.69467874128694,5.34937688372853,4.94603549447077,4.52808415413007,4.13439600652392,3.78561844827408,3.49784243920343,3.2871589391348,3.16965890789105,3.15527577796648,3.22931287254111,3.37091598746644,3.55923091859393,3.77340346177506,3.99278622038805,4.1975590279181,4.36810852537716,4.48482135377717,4.52808415413007,4.48482135377717,4.36810852537716,4.1975590279181,3.99278622038805,3.77340346177506,3.55923091859393,3.37091598746644,3.22931287254111,3.15527577796648,3.16965890789105,3.2871589391348,3.49784243920343,3.78561844827408,4.13439600652392,4.52808415413007,4.94603549447077,5.34937688372853,5.69467874128694,5.9385114865296,6.0374455388401,5.96156719015637,5.7350262226338,5.39548829098208,4.98061904991093,4.52808415413007,4.07554925834921,3.66068001727806,3.32114208562635,3.09460111810377,3.01872276942005
1,2,1.28419099523066,1.30300687655305,1.36064647680307,1.44740386624882,1.55357311515838,1.66944829379986,1.78532347244134,1.8914927213509,1.97825011079665,2.03588971104667,2.05470559236906,2.0285336379867,1.9653769829417,1.87678057523096,1.77428936285138,1.66944829379986,1.57222013600736,1.48623893714105,1.41355656480215,1.35622488659187,1.31629577011143,1.29475541728535,1.28832736733132,1.29266949379033,1.30343967020337,1.31629577011143,1.32760374584733,1.3365618649113,1.34307647359539,1.34705391819167,1.3484005449922,1.34705391819167,1.34307647359539,1.3365618649113,1.32760374584733,1.31629577011143,1.30343967020337,1.29266949379033,1.28832736733132,1.29475541728535,1.31629577011143,1.35622488659187,1.41355656480215,1.48623893714105,1.57222013600736,1.66944829379986,1.77428936285138,1.87678057523096,1.9653769829417,2.0285336379867,2.05470559236906,2.03588971104667,1.97825011079665,1.8914927213509,1.78532347244134,1.66944829379986,1.55357311515838,1.44740386624882,1.36064647680307,1.30300687655305,1.28419099523066
3,2,1.16369335070274,1.19294384389809,1.28027356501005,1.41116270705948,1.57109146306722,1.74554002605411,1.91998858904101,2.07991734504875,2.21080648709818,2.29813620821014,2.32738670140549,2.28924841987859,2.19525285751796,2.06214176838564,1.90665690654368,1.74554002605411,1.59377641123639,1.4593254674395,1.34839013026986,1.26717333533385,1.22187801823788,1.21633343732271,1.24487414186657,1.29946100388208,1.37205489538183,1.45461668837843,1.53918697752287,1.61812524801971,1.6838707077119,1.72886256444239,1.74554002605411,1.72886256444239,1.6838707077119,1.61812524801971,1.53918697752287,1.45461668837843,1.37205489538183,1.29946100388208,1.24487414186657,1.21633343732271,1.22187801823788,1.26717333533385,1.34839013026986,1.4593254674395,1.59377641123639,1.74554002605411,1.90665690654368,2.06214176838564,2.19525285751796,2.28924841987859,2.32738670140549,2.29813620821014,2.21080648709818,2.07991734504875,1.91998858904101,1.74554002605411,1.57109146306722,1.41116270705948,1.28027356501005,1.19294384389809,1.16369335070274
5,2,0.719584898744478,0.730128208973596,0.762426041666414,0.811039766207008,0.870530751979452,0.935460368367821,1.00038998475619,1.05988097052863,1.10849469506923,1.14079252776205,1.15133583799116,1.13667061824261,1.10128135341021,1.05163715148976,0.994207120477033,0.935460368367821,0.880979442757795,0.832800649642189,0.792073734616121,0.759948443274715,0.737574521213089,0.725504577828624,0.721902677727726,0.724335749319061,0.730370721011294,0.737574521213089,0.743910843929216,0.748930445548856,0.752580848057293,0.754809573439813,0.755564143681701,0.754809573439813,0.752580848057293,0.748930445548856,0.743910843929216,0.737574521213089,0.730370721011294,0.724335749319061,0.721902677727726,0.725504577828624,0.737574521213089,0.759948443274715,0.792073734616121,0.832800649642189,0.880979442757795,0.935460368367821,0.994207120477033,1.05163715148976,1.10128135341021,1.13667061824261,1.15133583799116,1.14079252776205,1.10849469506923,1.05988097052863,1.00038998475619,0.935460368367821,0.870530751979452,0.811039766207008,0.762426041666414,0.730128208973596,0.719584898744478
7,2,0.648928383634621,0.665239790121826,0.713938817859869,0.786928561536041,0.876112115837632,0.973392575451932,1.07067303506623,1.15985658936782,1.23284633304399,1.28154536078204,1.29785676726924,1.27658912543653,1.22417292118936,1.14994411867681,1.06323868204797,0.973392575451932,0.888762275554849,0.813786309091199,0.751923715312533,0.7066335334704,0.681374802816352,0.678282892108913,0.694198488134498,0.724638607186494,0.765120265558291,0.811160479543277,0.858320722406977,0.902340295303474,0.939002956358986,0.964092463699732,0.973392575451932,0.964092463699732,0.939002956358986,0.902340295303474,0.858320722406977,0.811160479543277,0.765120265558291,0.724638607186494,0.694198488134498,0.678282892108913,0.681374802816352,0.7066335334704,0.751923715312533,0.813786309091199,0.888762275554849,0.973392575451932,1.06323868204797,1.14994411867681,1.22417292118936,1.27658912543653,1.29785676726924,1.28154536078204,1.23284633304399,1.15985658936782,1.07067303506623,0.973392575451932,0.876112115837632,0.786928561536041,0.713938817859869,0.665239790121826,0.648928383634621
10,2,1.23779540067293,1.28549907800406,1.42517984384839,1.63384342607764,1.88849555256348,2.16614195117763,2.44378834979178,2.69844047627762,2.90710405850686,3.0467848243512,3.09448850168233,3.03536154569217,2.88711332085356,2.67559391895957,2.42665343180323,2.16614195117763,1.91754886737132,1.69492076465493,1.50994352579459,1.37430303355643,1.29968517070658,1.2933840398658,1.34512662307338,1.44024812222322,1.56408373920921,1.70196867592528,1.8398563481008,1.96617302680704,2.06996319695076,2.1402713434387,2.16614195117763,2.1402713434387,2.06996319695076,1.96617302680704,1.8398563481008,1.70196867592528,1.56408373920921,1.44024812222322,1.34512662307338,1.2933840398658,1.29968517070658,1.37430303355643,1.50994352579459,1.69492076465493,1.91754886737132,2.16614195117763,2.42665343180323,2.67559391895957,2.88711332085357,3.03536154569217,3.09448850168233,3.0467848243512,2.90710405850686,2.69844047627762,2.44378834979178,2.16614195117763,1.88849555256348,1.63384342607764,1.42517984384839,1.28549907800406,1.23779540067293
1,3,0.27486192253014,0.281770827517671,0.302397924015525,0.333313664146119,0.371088500031875,0.412292883795211,0.453497267558547,0.491272103444302,0.522187843574897,0.54281494007275,0.549723845060281,0.540715663157249,0.51851410897277,0.4870735496133,0.450348352185295,0.412292883795211,0.376446637089639,0.34468960687572,0.318486913500731,0.299303677311948,0.288605018656647,0.287295400303112,0.294036654703641,0.306929956731541,0.324076481260117,0.343577403162675,0.363552727632076,0.382197781139397,0.397726720475271,0.408353702430331,0.412292883795211,0.408353702430331,0.397726720475271,0.382197781139397,0.363552727632076,0.343577403162675,0.324076481260117,0.306929956731541,0.294036654703641,0.287295400303112,0.288605018656647,0.299303677311948,0.318486913500731,0.34468960687572,0.376446637089639,0.412292883795211,0.450348352185295,0.4870735496133,0.51851410897277,0.540715663157249,0.549723845060281,0.54281494007275,0.522187843574897,0.491272103444302,0.453497267558547,0.412292883795211,0.371088500031875,0.333313664146119,0.302397924015525,0.281770827517671,0.27486192253014
2,3,1.01003899072561,1.03542724151128,1.11122592448821,1.22483243160859,1.3636441548246,1.51505848608842,1.66647281735225,1.80528454056826,1.91889104768864,1.99468973066557,2.02007798145123,1.98697548811982,1.90539112323359,1.78985605547678,1.65490145353364,1.51505848608842,1.38333377678524,1.26663576910761,1.17034836149893,1.09985545240256,1.0605409402619,1.05572846719227,1.08050064999685,1.12787984915076,1.19088842512911,1.26254873840702,1.33595234550097,1.40446758709284,1.46153199990588,1.50058312066333,1.51505848608842,1.50058312066333,1.46153199990588,1.40446758709284,1.33595234550097,1.26254873840702,1.19088842512911,1.12787984915076,1.08050064999685,1.05572846719227,1.0605409402619,1.09985545240256,1.17034836149893,1.26663576910761,1.38333377678524,1.51505848608842,1.65490145353364,1.78985605547678,1.90539112323359,1.98697548811982,2.02007798145123,1.99468973066557,1.91889104768864,1.80528454056826,1.66647281735225,1.51505848608842,1.3636441548246,1.22483243160859,1.11122592448821,1.03542724151128,1.01003899072561
6,3,0.56391172779781,0.578086163139185,0.620405090106164,0.683832385792346,0.76133192729133,0.845867591696714,0.930403256102099,1.00790279760108,1.07133009328726,1.11364902025424,1.12782345559562,1.10934210548901,1.0637929924481,0.999288968070611,0.923942883954245,0.845867591696714,0.772324778895539,0.707171477147478,0.653413554049105,0.614056877196988,0.5921073141877,0.58942047731448,0.603250957657243,0.629703090992571,0.66488121309705,0.704889659747262,0.745871399346447,0.784123930804466,0.815983385657838,0.837785895443082,0.845867591696714,0.837785895443082,0.815983385657838,0.784123930804466,0.745871399346447,0.704889659747262,0.66488121309705,0.629703090992571,0.603250957657243,0.58942047731448,0.5921073141877,0.614056877196988,0.653413554049104,0.707171477147478,0.772324778895539,0.845867591696714,0.923942883954245,0.999288968070611,1.0637929924481,1.10934210548901,1.12782345559562,1.11364902025424,1.07133009328726,1.00790279760108,0.930403256102099,0.845867591696714,0.76133192729133,0.683832385792346,0.620405090106164,0.578086163139185,0.56391172779781
7,3,0.391039391207563,0.406109746883295,0.450237137895962,0.51615730541133,0.596605990595165,0.684318934613235,0.772031878631304,0.85248056381514,0.918400731330508,0.962528122343175,0.977598478018907,0.958919325663213,0.912085337140575,0.845262970455216,0.766618683611361,0.684318934613235,0.605784398051553,0.535452614863004,0.477015342570765,0.434164338698018,0.410591360767941,0.408600732618446,0.424947043346372,0.454997448363292,0.494119103080777,0.537679162910399,0.581240086915471,0.621145548766272,0.65393452578482,0.676145995293134,0.684318934613235,0.676145995293134,0.65393452578482,0.621145548766272,0.581240086915471,0.537679162910399,0.494119103080777,0.454997448363292,0.424947043346372,0.408600732618446,0.410591360767941,0.434164338698018,0.477015342570766,0.535452614863004,0.605784398051553,0.684318934613235,0.766618683611361,0.845262970455216,0.912085337140575,0.958919325663213,0.977598478018907,0.962528122343175,0.918400731330508,0.85248056381514,0.772031878631304,0.684318934613235,0.596605990595165,0.51615730541133,0.450237137895962,0.406109746883295,0.391039391207563
0,4,1.98750571751918,2.01662651952393,2.10583368222629,2.24010561545184,2.40442072902618,2.58375743277493,2.76309413652368,2.92740925009803,3.06168118332357,3.15088834602593,3.18000914803068,3.13950356189375,3.04175781109227,2.90463968183367,2.74601696032541,2.58375743277493,2.43328019050013,2.30020954526075,2.18772111392699,2.09899051336906,2.03719336045716,2.00385597173678,1.99390746245461,2.00062764753263,2.01729634189282,2.03719336045716,2.0546943914659,2.06855861643241,2.07864109018836,2.08479686756538,2.08688100339514,2.08479686756538,2.07864109018836,2.06855861643241,2.0546943914659,2.03719336045716,2.01729634189282,2.00062764753263,1.99390746245461,2.00385597173678,2.03719336045716,2.09899051336906,2.18772111392699,2.30020954526075,2.43328019050013,2.58375743277493,2.74601696032541,2.90463968183367,3.04175781109227,3.13950356189375,3.18000914803068,3.15088834602593,3.06168118332357,2.92740925009803,2.76309413652368,2.58375743277493,2.40442072902618,2.24010561545184,2.10583368222629,2.01662651952393,1.98750571751918
1,4,1.89913290151922,1.97232401460119,2.18663434244711,2.50678408136597,2.89749342766681,3.32348257765863,3.74947172765045,4.14018107395129,4.46033081287016,4.67464114071607,4.74783225379805,4.65711455729785,4.42965929188827,4.10512790711485,3.72318185252312,3.32348257765863,2.94206953937297,2.60049422374193,2.31668612414739,2.10857473397118,1.99408954659518,1.98442180595728,2.06380975821957,2.20975340010019,2.39975272831726,2.61130773958893,2.82286694783938,3.01667293581707,3.1759168034765,3.28378965077218,3.32348257765863,3.28378965077218,3.1759168034765,3.01667293581707,2.82286694783938,2.61130773958893,2.39975272831726,2.20975340010019,2.06380975821957,1.98442180595728,1.99408954659518,2.10857473397118,2.31668612414739,2.60049422374193,2.94206953937297,3.32348257765863,3.72318185252312,4.10512790711485,4.42965929188827,4.65711455729785,4.74783225379805,4.67464114071607,4.46033081287016,4.14018107395129,3.74947172765045,3.32348257765863,2.89749342766681,2.50678408136597,2.18663434244711,1.97232401460119,1.89913290151922
6,4,0.858792750083031,0.871375724520712,0.909921759336593,0.967940089436125,1.03893994972476,1.11643057510794,1.19392120049112,1.26492106077976,1.32293939087929,1.36148542569517,1.37406840013285,1.35656610899193,1.31433058664862,1.25508242737328,1.18654222543627,1.11643057510794,1.05141000003287,0.993910741352449,0.945304969582279,0.906964855237965,0.880262568835107,0.865857625248079,0.861558916786337,0.86446268011811,0.871665151911624,0.880262568835107,0.887824689747164,0.893815362267909,0.898171956207833,0.900831841377427,0.901732387587183,0.900831841377427,0.898171956207833,0.893815362267909,0.887824689747164,0.880262568835107,0.871665151911624,0.86446268011811,0.861558916786337,0.865857625248079,0.880262568835107,0.906964855237965,0.945304969582279,0.993910741352449,1.05141000003287,1.11643057510794,1.18654222543627,1.25508242737328,1.31433058664862,1.35656610899193,1.37406840013285,1.36148542569517,1.32293939087929,1.26492106077976,1.19392120049112,1.11643057510794,1.03893994972476,0.967940089436125,0.909921759336593,0.871375724520712,0.858792750083031
11,4,2.53864231128058,2.60245340000656,2.79296658366726,3.078506338529,3.42739714085809,3.80796346692087,4.18852979298365,4.53742059531275,4.82296035017449,5.01347353383519,5.07728462256116,4.99408447786218,4.78902950222172,4.49864248336673,4.15944620902414,3.80796346692087,3.47688523771512,3.18357527379013,2.94156552046038,2.76438792304038,2.66557442684461,2.65347870789849,2.71574136507107,2.83482472794232,2.99319112609221,3.17330288910073,3.35779626458462,3.53000317230784,3.67342945007113,3.77158093567523,3.80796346692087,3.77158093567523,3.67342945007113,3.53000317230784,3.35779626458462,3.17330288910073,2.99319112609221,2.83482472794232,2.71574136507107,2.65347870789849,2.66557442684461,2.76438792304038,2.94156552046038,3.18357527379013,3.47688523771512,3.80796346692087,4.15944620902414,4.49864248336673,4.78902950222172,4.99408447786218,5.07728462256116,5.01347353383519,4.82296035017449,4.53742059531275,4.18852979298365,3.80796346692087,3.42739714085809,3.078506338529,2.79296658366726,2.60245340000656,2.53864231128058
12,4,1.00627954491832,1.0450607802417,1.15861581317466,1.3282511943148,1.53527347425973,1.76098920360705,1.98670493295438,2.19372721289931,2.36336259403945,2.47691762697241,2.51569886229579,2.46763094547058,2.34711090141125,2.17515384989565,1.97277491070163,1.76098920360705,1.55889268983228,1.3779046963677,1.22752539164623,1.11725494410077,1.05659352216423,1.05147094772949,1.09353565652928,1.17086573775628,1.27153928060318,1.38363437426269,1.49573169174439,1.59842224132553,1.68279961510025,1.73995740516271,1.76098920360705,1.73995740516271,1.68279961510025,1.59842224132553,1.49573169174439,1.38363437426269,1.27153928060318,1.17086573775628,1.09353565652928,1.05147094772949,1.05659352216423,1.11725494410077,1.22752539164623,1.3779046963677,1.55889268983228,1.76098920360705,1.97277491070163,2.17515384989565,2.34711090141125,2.46763094547058,2.51569886229579,2.47691762697241,2.36336259403945,2.19372721289931,1.98670493295438,1.76098920360705,1.53527347425973,1.3282511943148,1.15861581317466,1.0450607802417,1.00627954491832
13,4,1.75709666312724,1.80126288952815,1.93312474253693,2.13075831550163,2.37223970177026,2.63564499469087,2.89905028761147,3.14053167388011,3.3381652468448,3.47002709985358,3.51419332625449,3.4566071527425,3.31468033940039,3.11369177965793,2.87892036694484,2.63564499469087,2.40649240821324,2.20348076037908,2.03597605594301,1.91334429965965,1.84495149628361,1.83657956168537,1.87967405619893,1.96209645127415,2.07170821836091,2.19637082890906,2.32406613005146,2.44325747165299,2.54252857926149,2.61046317842483,2.63564499469087,2.61046317842483,2.54252857926149,2.44325747165299,2.32406613005146,2.19637082890906,2.07170821836091,1.96209645127415,1.87967405619893,1.83657956168537,1.84495149628361,1.91334429965965,2.03597605594301,2.20348076037908,2.40649240821324,2.63564499469087,2.87892036694484,3.11369177965793,3.31468033940039,3.4566071527425,3.51419332625449,3.47002709985358,3.3381652468448,3.14053167388011,2.89905028761147,2.63564499469087,2.37223970177026,2.13075831550163,1.93312474253693,1.80126288952815,1.75709666312724
16,4,1.39232492096628,1.44598404648392,1.6031029137531,1.83781658733592,2.12426013179452,2.436568611691,2.74887709158748,3.03532063604607,3.2700343096289,3.42715317689807,3.48081230241571,3.41430378713021,3.24754787753515,3.00962185651036,2.72960300693569,2.436568611691,2.15694053618255,1.9065189759223,1.69844870894864,1.54587451329994,1.4619411670146,1.45485338700256,1.5130556456601,1.62005235425507,1.7593479240553,1.91444676632864,2.06954868556313,2.2116350591276,2.32838265761105,2.40746825160251,2.436568611691,2.40746825160251,2.32838265761105,2.2116350591276,2.06954868556313,1.91444676632864,1.7593479240553,1.62005235425507,1.5130556456601,1.45485338700256,1.4619411670146,1.54587451329994,1.69844870894864,1.9065189759223,2.15694053618255,2.436568611691,2.72960300693569,3.00962185651036,3.24754787753515,3.41430378713021,3.48081230241571,3.42715317689807,3.2700343096289,3.03532063604607,2.74887709158748,2.436568611691,2.12426013179452,1.83781658733592,1.6031029137531,1.44598404648392,1.39232492096628
0,5,2.09682695852347,2.17763704764985,2.41425643987766,2.76773280943154,3.19911383053613,3.66944717741607,4.13978052429601,4.57116154540059,4.92463791495447,5.16125730718228,5.24206739630867,5.14190625883135,4.89077358034035,4.53245944869874,4.11075395176962,3.66944717741607,3.24833018219685,2.87119789745344,2.55784622322301,2.32807105954269,2.20166830644964,2.19099418291603,2.27864618365404,2.43978212231087,2.64955981253372,2.88313706796977,3.11671895727755,3.3306995691609,3.50652024733499,3.62562233551499,3.66944717741607,3.62562233551499,3.50652024733499,3.3306995691609,3.11671895727755,2.88313706796977,2.64955981253372,2.43978212231087,2.27864618365404,2.19099418291603,2.20166830644964,2.32807105954269,2.55784622322301,2.87119789745344,3.24833018219685,3.66944717741607,4.11075395176962,4.53245944869874,4.89077358034035,5.14190625883135,5.24206739630867,5.16125730718228,4.92463791495447,4.57116154540059,4.13978052429601,3.66944717741607,3.19911383053613,2.76773280943154,2.41425643987766,2.17763704764985,2.09682695852347
2,5,0.672810468432031,0.68972217289158,0.740213438940232,0.81588937618071,0.90835509421574,1.00921570264805,1.11007631108035,1.20254202911538,1.27821796635586,1.32870923240451,1.34562093686406,1.32357059598705,1.2692253526253,1.19226475628046,1.10236835645416,1.00921570264805,0.921470809446766,0.843735551766998,0.779596269608429,0.732639302970745,0.706450991853632,0.703245291588573,0.719746618834227,0.751307005581052,0.793278483819504,0.841013085540038,0.889908935825977,0.935548532132101,0.973560465006057,0.99957332499549,1.00921570264805,0.99957332499549,0.973560465006057,0.935548532132101,0.889908935825977,0.841013085540038,0.793278483819504,0.751307005581052,0.719746618834227,0.703245291588573,0.706450991853632,0.732639302970745,0.779596269608429,0.843735551766998,0.921470809446766,1.00921570264805,1.10236835645416,1.19226475628046,1.2692253526253,1.32357059598705,1.34562093686406,1.32870923240451,1.27821796635586,1.20254202911538,1.11007631108035,1.00921570264805,0.90835509421574,0.81588937618071,0.740213438940232,0.68972217289158,0.672810468432031
8,5,0.279319289604292,0.283411857317168,0.295948818138965,0.314819073792453,0.337911526000401,0.36311507648558,0.388318626970758,0.411411079178706,0.430281334832194,0.442818295653991,0.446910863366867,0.441218305380722,0.427481351853973,0.408211098632168,0.385918641560854,0.36311507648558,0.341967365541495,0.323265936022166,0.307457081510761,0.294987095590449,0.286302271844399,0.281617115141424,0.280218975492907,0.281163414195878,0.283505992547366,0.286302271844399,0.288761824793412,0.290710269738464,0.29212723643302,0.292992354630546,0.293285254084507,0.292992354630546,0.29212723643302,0.290710269738464,0.288761824793412,0.286302271844399,0.283505992547366,0.281163414195878,0.280218975492907,0.281617115141424,0.286302271844399,0.294987095590449,0.307457081510761,0.323265936022166,0.341967365541495,0.36311507648558,0.385918641560854,0.408211098632168,0.427481351853973,0.441218305380722,0.446910863366867,0.442818295653991,0.430281334832194,0.411411079178706,0.388318626970758,0.36311507648558,0.337911526000401,0.314819073792453,0.295948818138965,0.283411857317168,0.279319289604292
10,5,1.11267471503275,1.12897755118892,1.17891881850895,1.25408890920189,1.34607821547675,1.44647712954258,1.5468760436084,1.63886534988327,1.7140354405762,1.76397670789623,1.7802795440524,1.75760311041255,1.70288164497976,1.62611815491591,1.53731564738289,1.44647712954258,1.36223474412895,1.28773717616433,1.22476224624313,1.17508777495974,1.14049158290857,1.12182815509178,1.1162586341425,1.12002082710161,1.12935254101001,1.14049158290857,1.15028926777497,1.15805094233409,1.16369546124759,1.16714167917713,1.16830845078439,1.16714167917713,1.16369546124759,1.15805094233409,1.15028926777497,1.14049158290857,1.12935254101001,1.12002082710161,1.1162586341425,1.12182815509178,1.14049158290857,1.17508777495974,1.22476224624313,1.28773717616433,1.36223474412895,1.44647712954258,1.53731564738289,1.62611815491591,1.70288164497976,1.75760311041255,1.7802795440524,1.76397670789623,1.7140354405762,1.63886534988327,1.5468760436084,1.44647712954258,1.34607821547675,1.25408890920189,1.17891881850895,1.12897755118892,1.11267471503275
1,6,0.541681924159693,0.562557926536314,0.623684786411157,0.714999789409666,0.826440221157286,0.947943367279462,1.06944651340164,1.18088694514926,1.27220194814777,1.33332880802261,1.35420481039923,1.32832977218771,1.2634536354367,1.17088887347947,1.06194795964929,0.947943367279462,0.839154483514193,0.741728350741462,0.660778925160187,0.601420162969287,0.568766020367678,0.566008530174745,0.588652031691746,0.630278940840402,0.684471673542438,0.744812645719578,0.805154814983842,0.860433305708448,0.90585378395691,0.936621915792744,0.947943367279462,0.936621915792744,0.90585378395691,0.860433305708448,0.805154814983842,0.744812645719578,0.684471673542438,0.630278940840402,0.588652031691746,0.566008530174745,0.568766020367678,0.601420162969287,0.660778925160187,0.741728350741462,0.839154483514193,0.947943367279462,1.06194795964929,1.17088887347947,1.2634536354367,1.32832977218771,1.35420481039923,1.33332880802261,1.27220194814777,1.18088694514926,1.06944651340164,0.947943367279462,0.826440221157286,0.714999789409666,0.623684786411156,0.562557926536314,0.541681924159693
3,6,0.588863620912896,0.611557969388255,0.678009114304665,0.777277856551862,0.898424997019584,1.03051133659757,1.16259767617555,1.28374481664328,1.38301355889047,1.44946470380688,1.47215905228224,1.4440302408656,1.37350324874322,1.2728758907607,1.15444598176362,1.03051133659757,0.912246699821166,0.806334534845217,0.718334234793566,0.653805192790059,0.618306801958541,0.615309128255176,0.639924928965403,0.685177634206982,0.744090674097672,0.809687478755233,0.875285584768861,0.935378954613513,0.984755657235585,1.01820376158147,1.03051133659757,1.01820376158147,0.984755657235585,0.935378954613513,0.875285584768861,0.809687478755233,0.744090674097672,0.685177634206982,0.639924928965403,0.615309128255176,0.618306801958541,0.653805192790059,0.718334234793566,0.806334534845217,0.912246699821166,1.03051133659757,1.15444598176362,1.2728758907607,1.37350324874322,1.44403024086559,1.47215905228224,1.44946470380688,1.38301355889047,1.28374481664328,1.16259767617555,1.03051133659757,0.898424997019584,0.777277856551862,0.678009114304665,0.611557969388255,0.588863620912896
4,6,1.64479377451868,1.70818285437245,1.89379192510891,2.17106598900738,2.5094500483472,2.87838910540769,3.24732816246817,3.58571222180799,3.86298628570646,4.04859535644292,4.11198443629669,4.03341599997355,3.83642241188507,3.55535350886925,3.22455912776412,2.87838910540769,2.54805635703043,2.25222611143269,2.00642667580727,1.82618635734698,1.72703346324461,1.71866046333388,1.78741647801213,1.9138147903176,2.07836868328854,2.26159143996318,2.44481783154119,2.6126685818679,2.75058590295006,2.8440120067944,2.87838910540769,2.8440120067944,2.75058590295006,2.6126685818679,2.44481783154119,2.26159143996318,2.07836868328854,1.9138147903176,1.78741647801213,1.71866046333388,1.72703346324461,1.82618635734698,2.00642667580727,2.25222611143269,2.54805635703043,2.87838910540769,3.22455912776412,3.55535350886925,3.83642241188507,4.03341599997355,4.11198443629669,4.04859535644292,3.86298628570646,3.58571222180799,3.24732816246817,2.87838910540769,2.5094500483472,2.17106598900738,1.89379192510891,1.70818285437245,1.64479377451868
7,6,0.855317005767259,0.876816178416092,0.941003703016853,1.03720749158156,1.15475545612223,1.28297550865089,1.41119556117954,1.52874352572022,1.62494731428492,1.68913483888569,1.71063401153452,1.68260229618528,1.61351536455922,1.51567844031941,1.40139674712894,1.28297550865089,1.17142893967554,1.07260721950202,0.991069518556649,0.931375007265741,0.898082856055622,0.894007577681182,0.91498505421158,0.955106510044543,1.0084631695778,1.06914625720907,1.13130559363925,1.18932538478185,1.23764843285354,1.270717540071,1.28297550865089,1.270717540071,1.23764843285354,1.18932538478185,1.13130559363925,1.06914625720907,1.0084631695778,0.955106510044543,0.91498505421158,0.894007577681182,0.898082856055622,0.931375007265741,0.991069518556648,1.07260721950202,1.17142893967554,1.28297550865089,1.40139674712894,1.51567844031941,1.61351536455922,1.68260229618528,1.71063401153452,1.68913483888569,1.62494731428492,1.52874352572022,1.41119556117954,1.28297550865089,1.15475545612223,1.03720749158156,0.941003703016853,0.876816178416092,0.855317005767259
9,6,1.091825964356,1.13390409251601,1.25711273167162,1.44116925407391,1.66579103197401,1.910695437623,2.155599843272,2.38022162117209,2.56427814357439,2.68748678273,2.72956491089001,2.67741061648215,2.54664485264066,2.3600692886764,2.14048559390023,1.910695437623,1.69141817797937,1.49504392839909,1.3318804911357,1.21223566844276,1.1464172625738,1.14085920487459,1.18649994305973,1.27040405393605,1.37963611431036,1.5012607009895,1.6228877005437,1.73430823859685,1.82585875053625,1.8878756717492,1.910695437623,1.8878756717492,1.82585875053625,1.73430823859685,1.6228877005437,1.5012607009895,1.37963611431036,1.27040405393605,1.18649994305973,1.14085920487459,1.1464172625738,1.21223566844276,1.3318804911357,1.49504392839909,1.69141817797937,1.910695437623,2.14048559390023,2.3600692886764,2.54664485264066,2.67741061648215,2.72956491089001,2.68748678273,2.56427814357439,2.38022162117209,2.155599843272,1.910695437623,1.66579103197401,1.44116925407391,1.25711273167162,1.13390409251601,1.091825964356
12,6,1.26416429913638,1.29594022121014,1.39080981517715,1.5329996630641,1.70673634689768,1.89624644870456,2.08575655051145,2.25949323434503,2.40168308223198,2.49655267619899,2.52832859827275,2.48689753406017,2.38478658348905,2.24018295006739,2.07127383730322,1.89624644870456,1.73137986796438,1.58532069951543,1.46480742797544,1.37657853796212,1.32737251409319,1.32134922518946,1.35235407688408,1.4116538590133,1.49051536141334,1.58020537392047,1.67207729210191,1.75783093444885,1.82925272518348,1.87812908852799,1.89624644870456,1.87812908852799,1.82925272518348,1.75783093444885,1.67207729210191,1.58020537392047,1.49051536141334,1.4116538590133,1.35235407688408,1.32134922518946,1.32737251409319,1.37657853796212,1.46480742797544,1.58532069951543,1.73137986796438,1.89624644870456,2.07127383730322,2.24018295006739,2.38478658348905,2.48689753406017,2.52832859827275,2.49655267619899,2.40168308223198,2.25949323434503,2.08575655051145,1.89624644870456,1.70673634689768,1.5329996630641,1.39080981517715,1.29594022121014,1.26416429913638
2,7,1.16563908394538,1.21056191264134,1.34210009726787,1.53859979884232,1.77840717838205,2.03986839690442,2.30132961542678,2.54113699496651,2.73763669654096,2.86917488116749,2.91409770986345,2.85841751362151,2.7188113033355,2.51962225987455,2.28519356410782,2.03986839690442,1.80576685288057,1.59611668164084,1.42192254653685,1.29418911092025,1.22392103814265,1.21798722680592,1.26671351651282,1.3562899821163,1.47290669846933,1.6027537404249,1.73260335837844,1.85155650489532,1.94929630808338,2.01550589605046,2.03986839690442,2.01550589605046,1.94929630808338,1.85155650489532,1.73260335837844,1.6027537404249,1.47290669846933,1.3562899821163,1.26671351651282,1.21798722680592,1.22392103814265,1.29418911092025,1.42192254653685,1.59611668164084,1.80576685288057,2.03986839690442,2.28519356410782,2.51962225987455,2.7188113033355,2.85841751362151,2.91409770986345,2.86917488116749,2.73763669654096,2.54113699496651,2.30132961542679,2.03986839690442,1.77840717838205,1.53859979884232,1.34210009726787,1.21056191264134,1.16563908394538
3,7,0.385158147648467,0.40000184474646,0.443465558543971,0.50839428486612,0.587633019538029,0.674026758384817,0.760420497231606,0.839659231903515,0.904587958225664,0.948051672023175,0.962895369121168,0.94449715174786,0.898367547743863,0.832550191352885,0.755088716818633,0.674026758384817,0.596673383485376,0.52739939231517,0.469841018259292,0.427634494702835,0.40441605503089,0.402455365985347,0.41855582773528,0.44815427380656,0.486687537725057,0.529592453016642,0.572498219486455,0.611803502056702,0.644099331928861,0.665976740304408,0.674026758384817,0.665976740304408,0.644099331928861,0.611803502056702,0.572498219486455,0.529592453016642,0.486687537725057,0.44815427380656,0.41855582773528,0.402455365985347,0.40441605503089,0.427634494702835,0.469841018259292,0.52739939231517,0.596673383485376,0.674026758384817,0.755088716818633,0.832550191352885,0.898367547743863,0.94449715174786,0.962895369121168,0.948051672023175,0.904587958225664,0.839659231903515,0.760420497231606,0.674026758384817,0.587633019538029,0.50839428486612,0.44346555854397,0.40000184474646,0.385158147648467
6,7,0.821881875663287,0.842540625837417,0.90421900093968,0.996662094738042,1.10961500100047,1.23282281349493,1.35603062598939,1.46898353225182,1.56142662605018,1.62310500115244,1.64376375132657,1.61682782156727,1.55044156177612,1.45642917308147,1.34661485661163,1.23282281349493,1.12563670271368,1.03067801466605,0.952327697604196,0.89496669978028,0.862975969446451,0.859059997459865,0.87921744509768,0.917770516242053,0.969041414775143,1.02735234457911,1.08708181525576,1.14283355928556,1.18926761486862,1.22104402020504,1.23282281349493,1.22104402020504,1.18926761486862,1.14283355928556,1.08708181525576,1.02735234457911,0.969041414775143,0.917770516242053,0.87921744509768,0.859059997459865,0.862975969446451,0.89496669978028,0.952327697604196,1.03067801466605,1.12563670271368,1.23282281349493,1.34661485661163,1.45642917308147,1.55044156177612,1.61682782156727,1.64376375132657,1.62310500115244,1.56142662605018,1.46898353225182,1.35603062598939,1.23282281349493,1.10961500100047,0.996662094738042,0.90421900093968,0.842540625837417,0.821881875663287
9,7,0.522363499104901,0.530017134461952,0.553462886211831,0.588752725256332,0.631938622497248,0.679072548836371,0.726206475175494,0.769392372416409,0.804682211460911,0.82812796321079,0.835781598567841,0.82513577273636,0.799445878130657,0.763407991467548,0.721718189463848,0.679072548836371,0.639523571383146,0.604549459227054,0.574984839572189,0.551664339622648,0.535422586582523,0.526660732531239,0.524046029049531,0.525812252593466,0.530193179619108,0.535422586582523,0.540022271360829,0.543666117515359,0.546316030028497,0.547933913882631,0.548481674060146,0.547933913882631,0.546316030028497,0.543666117515359,0.540022271360829,0.535422586582523,0.530193179619108,0.525812252593466,0.524046029049531,0.526660732531239,0.535422586582523,0.551664339622648,0.574984839572189,0.604549459227054,0.639523571383146,0.679072548836371,0.721718189463848,0.763407991467548,0.799445878130657,0.82513577273636,0.835781598567841,0.82812796321079,0.804682211460911,0.769392372416409,0.726206475175494,0.679072548836371,0.631938622497248,0.588752725256332,0.553462886211831,0.530017134461952,0.522363499104901
10,7,0.823608077791924,0.855349296065103,0.948290509935355,1.08713172050341,1.25657292887,1.44131413613587,1.62605534340173,1.79549655176832,1.93433776233638,2.02727897620663,2.05902019447981,2.01967812022241,1.921036264364,1.78029483979988,1.6146540594254,1.44131413613587,1.27590451206167,1.12777154627344,1.00469082707688,0.914437942777671,0.86478848168152,0.860595816030263,0.895024453810314,0.958316686944232,1.04071480735457,1.1324611069639,1.22420922670157,1.30825820352419,1.37731842339517,1.42410027227793,1.44131413613587,1.42410027227793,1.37731842339517,1.30825820352419,1.22420922670157,1.1324611069639,1.04071480735457,0.958316686944232,0.895024453810314,0.860595816030263,0.86478848168152,0.914437942777671,1.00469082707688,1.12777154627344,1.27590451206167,1.44131413613587,1.6146540594254,1.78029483979988,1.921036264364,2.01967812022241,2.05902019447981,2.02727897620663,1.93433776233638,1.79549655176832,1.62605534340173,1.44131413613587,1.25657292887,1.08713172050341,0.948290509935354,0.855349296065103,0.823608077791924
5,8,0.241089176309269,0.250380566686412,0.277586614443054,0.318228655234318,0.367828024715332,0.421906058541221,0.475984092367109,0.525583461848123,0.566225502639388,0.593431550396029,0.602722940773172,0.591206603655107,0.562331845842773,0.521133568366278,0.472646672255725,0.421906058541221,0.373486827238163,0.330124874303121,0.29409629467796,0.267677183304543,0.253143635124732,0.251916344699034,0.261994405062522,0.280521508868909,0.304641348771912,0.331497617425245,0.358354418872338,0.382957502715479,0.403173029946671,0.416867161557917,0.421906058541221,0.416867161557917,0.403173029946671,0.382957502715479,0.358354418872338,0.331497617425245,0.304641348771912,0.280521508868909,0.261994405062522,0.251916344699034,0.253143635124732,0.267677183304543,0.29409629467796,0.330124874303121,0.373486827238163,0.421906058541221,0.472646672255725,0.521133568366278,0.562331845842773,0.591206603655106,0.602722940773172,0.593431550396029,0.566225502639388,0.525583461848123,0.475984092367109,0.421906058541221,0.367828024715332,0.318228655234318,0.277586614443054,0.250380566686412,0.241089176309269
10,8,1.33663467311916,1.37023220410713,1.47054035931107,1.62088148267697,1.80457791815086,2.00495200967874,2.20532610120662,2.38902253668051,2.53936366004641,2.63967181525035,2.67326934623832,2.62946317562537,2.52149854070271,2.36860525743056,2.19001314176916,2.00495200967874,1.83063417108254,1.67620191175581,1.54878001143683,1.45549324986384,1.40346640677512,1.39709782256463,1.42988008024922,1.49257932350143,1.57596169599383,1.67079334139895,1.76793197394154,1.85860159005512,1.93411775672537,1.98579604093801,2.00495200967874,1.98579604093801,1.93411775672537,1.85860159005512,1.76793197394154,1.67079334139895,1.57596169599383,1.49257932350143,1.42988008024922,1.39709782256463,1.40346640677512,1.45549324986384,1.54878001143683,1.67620191175581,1.83063417108254,2.00495200967874,2.19001314176916,2.36860525743056,2.52149854070271,2.62946317562537,2.67326934623832,2.63967181525035,2.53936366004641,2.38902253668051,2.20532610120662,2.00495200967874,1.80457791815086,1.62088148267697,1.47054035931107,1.37023220410713,1.33663467311916
20,8,2.47881591724007,2.51513536371808,2.62639448256702,2.79385835569416,2.99879206500676,3.22246069241209,3.44612931981742,3.65106302913002,3.81852690225715,3.92978602110609,3.96610546758411,3.91558692528844,3.79367848457626,3.62266483749472,3.42483067609094,3.22246069241209,3.03478556773433,2.86881994024999,2.72852443738042,2.617859686547,2.54078631517107,2.49920794431615,2.48680016961438,2.49518158034008,2.51597076576754,2.54078631517107,2.56261359035835,2.57990504327054,2.5924798983822,2.60015738016786,2.60275671310207,2.60015738016786,2.5924798983822,2.57990504327054,2.56261359035835,2.54078631517107,2.51597076576754,2.49518158034008,2.48680016961438,2.49920794431615,2.54078631517107,2.617859686547,2.72852443738042,2.86881994024999,3.03478556773433,3.22246069241209,3.42483067609094,3.62266483749472,3.79367848457626,3.91558692528844,3.96610546758411,3.92978602110609,3.81852690225715,3.65106302913002,3.44612931981742,3.22246069241209,2.99879206500676,2.79385835569416,2.62639448256702,2.51513536371808,2.47881591724007
6,9,0.887196005178669,0.9213878529893,1.02150473611071,1.17106539571521,1.35358857297509,1.55259300906267,1.75159744515025,1.93412062241013,2.08368128201463,2.18379816513604,2.21799001294667,2.17561047338438,2.06935282144922,1.91774523890681,1.73931590752276,1.55259300906267,1.37441268075631,1.21484288169008,1.08225952641452,0.985038529480174,0.931555805437602,0.92703943859135,0.964126192261974,1.03230499952403,1.12106479345208,1.21989450712067,1.31872618144342,1.40926428869013,1.48365640896967,1.5340501223909,1.55259300906267,1.5340501223909,1.48365640896967,1.40926428869013,1.31872618144342,1.21989450712067,1.12106479345208,1.03230499952403,0.964126192261974,0.92703943859135,0.931555805437602,0.985038529480174,1.08225952641452,1.21484288169008,1.37441268075631,1.55259300906267,1.73931590752276,1.91774523890681,2.06935282144923,2.17561047338438,2.21799001294667,2.18379816513604,2.08368128201463,1.93412062241013,1.75159744515025,1.55259300906267,1.35358857297509,1.17106539571521,1.02150473611071,0.9213878529893,0.887196005178669
7,9,0.509230066702947,0.528855399594069,0.586320183894738,0.672164556752566,0.776928655315168,0.891152616730157,1.00537657814515,1.11014067670775,1.19598504956558,1.25344983386625,1.27307516675737,1.24875028743851,1.18776084331703,1.10074158385227,0.998327258503539,0.891152616730157,0.788881213411195,0.697291825104706,0.621192033788493,0.565389421440355,0.534691570038094,0.53209927952174,0.553386221680236,0.592519286264756,0.64346536302647,0.700191341716552,0.756918445776947,0.808885233412694,0.851584596519603,0.880509426993487,0.891152616730157,0.880509426993487,0.851584596519603,0.808885233412694,0.756918445776947,0.700191341716552,0.64346536302647,0.592519286264756,0.553386221680236,0.53209927952174,0.534691570038094,0.565389421440355,0.621192033788493,0.697291825104706,0.788881213411195,0.891152616730157,0.998327258503539,1.10074158385227,1.18776084331704,1.24875028743851,1.27307516675737,1.25344983386625,1.19598504956558,1.11014067670775,1.00537657814515,0.891152616730157,0.776928655315168,0.672164556752566,0.586320183894738,0.528855399594069,0.509230066702947
10,9,0.489153981307326,0.496321033011343,0.518276209498308,0.551322479572485,0.591762812038136,0.635900175699524,0.680037539360912,0.720477871826563,0.75352414190074,0.775479318387705,0.782646370091722,0.772677357902515,0.748620711051657,0.714873950856183,0.675834598633127,0.635900175699524,0.598865544047373,0.566114928368528,0.538429894029807,0.516592006398028,0.501382830840009,0.49317801599333,0.490729543578609,0.492383478587228,0.496485886010568,0.501382830840009,0.505690088383698,0.50910227521684,0.511583718231405,0.513098744319366,0.513611680372693,0.513098744319366,0.511583718231405,0.50910227521684,0.505690088383698,0.501382830840009,0.496485886010568,0.492383478587228,0.490729543578609,0.49317801599333,0.501382830840009,0.516592006398028,0.538429894029807,0.566114928368528,0.598865544047373,0.635900175699524,0.675834598633127,0.714873950856183,0.748620711051657,0.772677357902515,0.782646370091722,0.775479318387705,0.75352414190074,0.720477871826563,0.680037539360912,0.635900175699524,0.591762812038136,0.551322479572485,0.518276209498308,0.496321033011343,0.489153981307326
12,9,1.60816109645327,1.63172376622009,1.70390443333383,1.81254859845775,1.94550176225514,2.09060942538925,2.23571708852337,2.36867025232075,2.47731441744468,2.54949508455842,2.57305775432524,2.54028325348216,2.46119371306123,2.35024659016824,2.22189934190898,2.09060942538925,1.96885297216507,1.86118081159337,1.77016244748129,1.69836738363598,1.6483651238646,1.62139066481028,1.61334097446008,1.61877851363704,1.6322657431642,1.6483651238646,1.66252582638133,1.67374386063758,1.68190194637661,1.68688280334164,1.68856915127594,1.68688280334164,1.68190194637661,1.67374386063758,1.66252582638133,1.6483651238646,1.6322657431642,1.61877851363704,1.61334097446008,1.62139066481028,1.6483651238646,1.69836738363598,1.77016244748129,1.86118081159337,1.96885297216507,2.09060942538925,2.22189934190898,2.35024659016824,2.46119371306123,2.54028325348216,2.57305775432524,2.54949508455842,2.47731441744468,2.36867025232075,2.23571708852337,2.09060942538925,1.94550176225514,1.81254859845775,1.70390443333383,1.63172376622009,1.60816109645327
15,9,1.69817743224417,1.72305901539506,1.79927997373513,1.91400546346707,2.0544006407936,2.20763066191742,2.36086068304124,2.50125586036777,2.61598135009971,2.69220230843978,2.71708389159067,2.68247484787762,2.59895829411593,2.48180093924345,2.346269492198,2.20763066191742,2.07905892768544,1.96535985016945,1.86924676038274,1.79343298933858,1.74063186805027,1.71214752172821,1.70364725237123,1.70938915617528,1.72363132933631,1.74063186805027,1.75558521164978,1.76743117201415,1.77604590415938,1.78130556310146,1.78308630385638,1.78130556310146,1.77604590415938,1.76743117201415,1.75558521164978,1.74063186805027,1.72363132933631,1.70938915617528,1.70364725237123,1.71214752172821,1.74063186805027,1.79343298933858,1.86924676038274,1.96535985016945,2.07905892768544,2.20763066191742,2.346269492198,2.48180093924345,2.59895829411593,2.68247484787762,2.71708389159067,2.69220230843978,2.61598135009971,2.50125586036777,2.36086068304124,2.20763066191742,2.0544006407936,1.91400546346707,1.79927997373513,1.72305901539506,1.69817743224417
2,10,1.05508980556526,1.0705489114457,1.11790553896179,1.18918530770462,1.27641383726527,1.37161674723484,1.46681965720441,1.55404818676506,1.62532795550789,1.67268458302398,1.68814368890442,1.66664084208249,1.61475140886028,1.54196070488208,1.45775404579217,1.37161674723484,1.29173420758011,1.22109215610098,1.16137640479616,1.11427276566439,1.08146705070439,1.06376952225303,1.05848824399976,1.06205572997217,1.07090449419785,1.08146705070439,1.09075767021881,1.09811765026581,1.10347004506951,1.10673790885404,1.10784429584352,1.10673790885404,1.10347004506951,1.09811765026581,1.09075767021881,1.08146705070439,1.07090449419785,1.06205572997217,1.05848824399976,1.06376952225303,1.08146705070439,1.11427276566439,1.16137640479616,1.22109215610098,1.29173420758011,1.37161674723484,1.45775404579217,1.54196070488208,1.61475140886028,1.66664084208249,1.68814368890442,1.67268458302398,1.62532795550789,1.55404818676506,1.46681965720441,1.37161674723484,1.27641383726527,1.18918530770462,1.11790553896179,1.0705489114457,1.05508980556526
5,10,1.036744827906,1.06280435425429,1.14060718489746,1.25721749376177,1.39969945477353,1.555117241859,1.71053502894447,1.85301698995622,1.96962729882054,2.0474301294637,2.073489655812,2.03951191924217,1.95577043093286,1.83718056951316,1.69865771361217,1.555117241859,1.41990967825852,1.30012612831873,1.20129284292342,1.12893607295635,1.0885820693013,1.08364235250801,1.10906952179,1.15770144602675,1.22237599409776,1.2959310348825,1.37127546287297,1.44160227501126,1.50017549385196,1.54025914194967,1.555117241859,1.54025914194967,1.50017549385196,1.44160227501126,1.37127546287297,1.2959310348825,1.22237599409776,1.15770144602675,1.10906952179,1.08364235250801,1.0885820693013,1.12893607295635,1.20129284292342,1.30012612831873,1.41990967825852,1.555117241859,1.69865771361217,1.83718056951316,1.95577043093286,2.03951191924217,2.073489655812,2.0474301294637,1.96962729882054,1.85301698995622,1.71053502894447,1.555117241859,1.39969945477353,1.25721749376177,1.14060718489746,1.06280435425429,1.036744827906
7,10,0.856493436051893,0.878022179348367,0.942297989517318,1.03863409984063,1.15634374360017,1.28474015407784,1.41313656455551,1.53084620831505,1.62718231863836,1.69145812880731,1.71298687210379,1.68491660103937,1.61573464504446,1.51776315277916,1.40332427290359,1.28474015407784,1.17304016039446,1.07408251767572,0.992432667176337,0.932656050151023,0.899318107854488,0.895237224212217,0.916243553832778,0.956420193995512,1.00985024197976,1.07061679506487,1.13286162742855,1.19096122084206,1.23935073397502,1.27246532549707,1.28474015407784,1.27246532549707,1.23935073397502,1.19096122084206,1.13286162742855,1.07061679506487,1.00985024197976,0.956420193995512,0.916243553832778,0.895237224212217,0.899318107854488,0.932656050151023,0.992432667176337,1.07408251767572,1.17304016039446,1.28474015407784,1.40332427290359,1.51776315277916,1.61573464504446,1.68491660103937,1.71298687210379,1.69145812880731,1.62718231863836,1.53084620831505,1.41313656455551,1.28474015407784,1.15634374360017,1.03863409984063,0.942297989517318,0.878022179348367,0.856493436051893
8,10,0.944493683694293,0.958332342529416,1.00072497615556,1.06453309087498,1.1426181929899,1.22784178880258,1.31306538461526,1.39115048673019,1.4549586014496,1.49735123507575,1.51118989391087,1.49194100827324,1.44549070454521,1.38033003312517,1.3049500444115,1.22784178880258,1.15633265873291,1.09309541478143,1.0396391595632,0.997472995693251,0.96810602578665,0.952263579246894,0.947535892631275,0.950729429285534,0.958650652555412,0.96810602578665,0.976422788400307,0.983011284118718,0.987802632739537,0.990727954060415,0.991718367879007,0.990727954060415,0.987802632739537,0.983011284118718,0.976422788400307,0.96810602578665,0.958650652555412,0.950729429285534,0.947535892631275,0.952263579246894,0.96810602578665,0.997472995693251,1.0396391595632,1.09309541478143,1.15633265873291,1.22784178880258,1.3049500444115,1.38033003312517,1.44549070454521,1.49194100827324,1.51118989391087,1.49735123507575,1.4549586014496,1.39115048673019,1.31306538461526,1.22784178880258,1.1426181929899,1.06453309087498,1.00072497615556,0.958332342529416,0.944493683694293
9,10,0.61601942214786,0.631503631888213,0.677732996611521,0.747021227572046,0.831682036024049,0.92402913322179,1.01637623041953,1.10103703887153,1.17032526983206,1.21655463455537,1.23203884429572,1.21184974367593,1.16209171079305,1.09162725711267,1.00931889410038,0.92402913322179,0.843690670991488,0.77251694412008,0.713791574367169,0.670798183492358,0.646820393255253,0.643885281931163,0.658993753858228,0.687890169890295,0.726318890881212,0.770024277684825,0.814792893590532,0.856580111629932,0.891383507270175,0.915200655978411,0.92402913322179,0.915200655978411,0.891383507270175,0.856580111629932,0.814792893590532,0.770024277684825,0.726318890881212,0.687890169890295,0.658993753858228,0.643885281931163,0.646820393255253,0.670798183492358,0.713791574367168,0.77251694412008,0.843690670991488,0.92402913322179,1.00931889410038,1.09162725711267,1.16209171079305,1.21184974367593,1.23203884429572,1.21655463455537,1.17032526983206,1.10103703887153,1.01637623041953,0.92402913322179,0.831682036024049,0.747021227572046,0.677732996611521,0.631503631888213,0.61601942214786
15,10,1.58143727280839,1.60460838688291,1.67558958248675,1.78242833923758,1.91317213675308,2.0558684546509,2.19856477254873,2.32930857006423,2.43614732681506,2.5071285224189,2.53029963649342,2.49806977012914,2.42029451030797,2.31119106548469,2.18497664411408,2.0558684546509,1.93613530493206,1.83025240032291,1.74074654557095,1.67014454542369,1.6209732046286,1.59444699711342,1.58653107352688,1.59187825369792,1.60514135745551,1.6209732046286,1.63489858985181,1.64593020698246,1.65395272468353,1.65885081161798,1.66050913644881,1.65885081161798,1.65395272468353,1.64593020698246,1.63489858985181,1.6209732046286,1.60514135745551,1.59187825369792,1.58653107352688,1.59444699711342,1.6209732046286,1.67014454542369,1.74074654557095,1.83025240032291,1.93613530493206,2.0558684546509,2.18497664411408,2.31119106548469,2.42029451030797,2.49806977012914,2.53029963649342,2.5071285224189,2.43614732681506,2.32930857006423,2.19856477254873,2.0558684546509,1.91317213675308,1.78242833923758,1.67558958248675,1.60460838688291,1.58143727280839
20,10,2.20079978692129,2.23304575948988,2.3318264084896,2.48050806481266,2.66245705935128,2.86103972299768,3.05962238664408,3.2415713811827,3.39025303750576,3.48903368650547,3.52127965907407,3.47642711623431,3.36819153953123,3.21635824064038,3.04071253123734,2.86103972299768,2.69441364498656,2.54706219582753,2.42250179153373,2.32424884811828,2.25581978159432,2.2189047089253,2.20788855087585,2.21532992916091,2.23378746549542,2.25581978159432,2.27519897883408,2.29055107723721,2.30171557648777,2.3085319762698,2.31083977626736,2.3085319762698,2.30171557648777,2.29055107723721,2.27519897883408,2.25581978159432,2.23378746549542,2.21532992916091,2.20788855087585,2.2189047089253,2.25581978159432,2.32424884811828,2.42250179153373,2.54706219582753,2.69441364498656,2.86103972299768,3.04071253123734,3.21635824064038,3.36819153953123,3.47642711623431,3.52127965907407,3.48903368650547,3.39025303750576,3.2415713811827,3.05962238664408,2.86103972299768,2.66245705935128,2.48050806481266,2.3318264084896,2.23304575948988,2.20079978692129
0,11,5.21620840701228,5.34732256042964,5.73877450536958,6.32547979395146,7.04235397829462,7.82431261051842,8.60627124274222,9.32314542708538,9.90985071566725,10.3013026606072,10.4324168140246,10.2614635086632,9.84013219976535,9.24346712319749,8.54651251482631,7.82431261051842,7.14403834151728,6.54136742057361,6.04410425581496,5.68005325536888,5.47701882736289,5.45216546752749,5.58009802200489,5.82478142454023,6.15018060887867,6.52026050876535,6.89934341144955,7.25318101819704,7.54788238377775,7.74955656296157,7.82431261051842,7.74955656296157,7.54788238377775,7.25318101819704,6.89934341144955,6.52026050876535,6.15018060887867,5.82478142454023,5.58009802200489,5.45216546752749,5.47701882736289,5.68005325536888,6.04410425581496,6.54136742057361,7.14403834151728,7.82431261051842,8.54651251482631,9.24346712319749,9.84013219976535,10.2614635086632,10.4324168140246,10.3013026606072,9.90985071566725,9.32314542708538,8.60627124274222,7.82431261051842,7.04235397829462,6.32547979395146,5.73877450536958,5.34732256042964,5.21620840701228
4,11,2.81128081584292,2.91962540401416,3.23686834832219,3.71078505973283,4.28915094921187,4.91974142772511,5.55033190623835,6.12869779571738,6.60261450712802,6.91985745143606,7.0282020396073,6.89391290185162,6.55721154535525,6.0768086965485,5.51141508186168,4.91974142772511,4.35513683549931,3.84950390626574,3.42938361603606,3.12131694082194,2.95184485663506,2.93753372876922,3.05505147964674,3.27109142097207,3.55234686444968,3.86551112178401,4.17868159189363,4.46557202255349,4.70130024875265,4.86098410548017,4.91974142772511,4.86098410548017,4.70130024875265,4.46557202255349,4.17868159189363,3.86551112178401,3.55234686444968,3.27109142097207,3.05505147964674,2.93753372876922,2.95184485663506,3.12131694082194,3.42938361603606,3.84950390626574,4.35513683549931,4.91974142772511,5.51141508186168,6.0768086965485,6.55721154535525,6.89391290185162,7.0282020396073,6.91985745143606,6.60261450712802,6.12869779571738,5.55033190623835,4.91974142772511,4.28915094921187,3.71078505973283,3.23686834832219,2.91962540401416,2.81128081584292
13,11,0.380645059578134,0.395314825752683,0.438269253768679,0.502437178165761,0.580747433483567,0.666128854261735,0.751510275039903,0.829820530357709,0.893988454754791,0.936942882770787,0.951612648945336,0.933430012563498,0.887840931892035,0.822794789943131,0.746240969728969,0.666128854261735,0.589681867025621,0.521219593392856,0.464335659207679,0.422623690314328,0.399677312557041,0.397739597872537,0.413651402567454,0.442903029040913,0.480984779692034,0.523386956919935,0.565789975352387,0.604634698531767,0.6365521022291,0.658173162215414,0.666128854261735,0.658173162215414,0.6365521022291,0.604634698531767,0.565789975352387,0.523386956919935,0.480984779692034,0.442903029040913,0.413651402567454,0.397739597872537,0.399677312557041,0.422623690314328,0.464335659207679,0.521219593392856,0.589681867025621,0.666128854261735,0.746240969728969,0.822794789943131,0.887840931892036,0.933430012563498,0.951612648945336,0.936942882770787,0.893988454754791,0.829820530357709,0.751510275039903,0.666128854261735,0.580747433483567,0.502437178165761,0.438269253768679,0.395314825752683,0.380645059578134
14,11,1.43368344694077,1.48893649805944,1.65072252645974,1.89240828782126,2.1873605378236,2.50894603214634,2.83053152646908,3.12548377647142,3.36716953783294,3.52895556623324,3.58420861735192,3.51572448982568,3.3440151541197,3.09902162365628,2.81068491185773,2.50894603214634,2.2210117022213,1.96315145688932,1.748900535234,1.59179417633897,1.50536761928781,1.49806929924354,1.55800043568688,1.66817544417792,1.81160874027677,1.97131473954355,2.13102390717155,2.2773309068867,2.39754645204814,2.47898125601498,2.50894603214634,2.47898125601498,2.39754645204814,2.2773309068867,2.13102390717155,1.97131473954355,1.81160874027677,1.66817544417792,1.55800043568688,1.49806929924354,1.50536761928781,1.59179417633897,1.748900535234,1.96315145688932,2.2210117022213,2.50894603214634,2.81068491185773,3.09902162365628,3.3440151541197,3.51572448982567,3.58420861735192,3.52895556623324,3.36716953783294,3.12548377647142,2.83053152646908,2.50894603214634,2.1873605378236,1.89240828782126,1.65072252645974,1.48893649805944,1.43368344694077
17,11,2.00699030149575,2.05743783230064,2.20805302933532,2.43379397604234,2.70961875586426,3.01048545224362,3.31135214862299,3.5871769284449,3.81291787515193,3.96353307218661,4.0139806029915,3.94820454515463,3.78609295284597,3.55651987438095,3.28835935807502,3.01048545224362,2.7487428695648,2.51685898016701,2.32553181854132,2.18545941917881,2.10733981657054,2.09777722852628,2.1470006061307,2.24114508378716,2.36634579589903,2.50873787686969,2.65459395657065,2.79073664674615,2.90412605460856,2.98172228737025,3.01048545224362,2.98172228737025,2.90412605460856,2.79073664674615,2.65459395657065,2.50873787686969,2.36634579589903,2.24114508378716,2.1470006061307,2.09777722852628,2.10733981657054,2.18545941917881,2.32553181854132,2.51685898016701,2.7487428695648,3.01048545224362,3.28835935807502,3.55651987438095,3.78609295284597,3.94820454515463,4.0139806029915,3.96353307218661,3.81291787515193,3.5871769284449,3.31135214862299,3.01048545224362,2.70961875586426,2.43379397604234,2.20805302933532,2.05743783230064,2.00699030149575
4,12,1.04901628864196,1.0643864057551,1.11147042967183,1.18233988369124,1.26906629111245,1.36372117523455,1.45837605935666,1.54510246677786,1.61597192079728,1.663055944714,1.67842606182714,1.65704699395122,1.6054562569624,1.53308456525229,1.44936263321248,1.36372117523455,1.28429847127714,1.21406306356699,1.1546910598979,1.10785856806364,1.07524169585801,1.05764604142532,1.05239516431201,1.05594211441504,1.06473994163139,1.07524169585801,1.08447883486817,1.09179644794021,1.09711803222878,1.10036708488851,1.10146710307406,1.10036708488851,1.09711803222878,1.09179644794021,1.08447883486817,1.07524169585801,1.06473994163139,1.05594211441504,1.05239516431201,1.05764604142532,1.07524169585801,1.10785856806364,1.1546910598979,1.21406306356699,1.28429847127714,1.36372117523455,1.44936263321248,1.53308456525229,1.6054562569624,1.65704699395122,1.67842606182714,1.663055944714,1.61597192079728,1.54510246677786,1.45837605935666,1.36372117523455,1.26906629111245,1.18233988369124,1.11147042967183,1.0643864057551,1.04901628864196
6,12,1.26381335374305,1.28233066321336,1.33905563385319,1.42443635037015,1.52892089747187,1.64295735986596,1.75699382226006,1.86147836936178,1.94685908587874,2.00358405651857,2.02210136598888,1.99634471019171,1.93419022980674,1.84699967670807,1.74613480276978,1.64295735986596,1.54727202595975,1.46265518337041,1.39112614050624,1.33470420577555,1.29540868758663,1.274210138736,1.26788408957306,1.27215731483544,1.28275658926076,1.29540868758663,1.30653722749378,1.31535319843542,1.32176443280783,1.32567876300733,1.3270040214302,1.32567876300733,1.32176443280783,1.31535319843542,1.30653722749378,1.29540868758663,1.28275658926076,1.27215731483544,1.26788408957306,1.274210138736,1.29540868758663,1.33470420577555,1.39112614050624,1.46265518337041,1.54727202595975,1.64295735986596,1.74613480276978,1.84699967670807,1.93419022980674,1.99634471019171,2.02210136598888,2.00358405651857,1.94685908587874,1.86147836936178,1.75699382226006,1.64295735986596,1.52892089747187,1.42443635037015,1.33905563385319,1.28233066321336,1.26381335374305
9,12,1.62375620956888,1.66457080211614,1.78642608026982,1.96906187262832,2.19221800779002,2.43563431435332,2.67905062091663,2.90220675607833,3.08484254843682,3.2066978265905,3.24751241913776,3.19429627640206,3.06313983560705,2.87740365570144,2.66044829563396,2.43563431435332,2.22387138574495,2.03626564344115,1.88147233601093,1.76814671202332,1.70494402004733,1.6972074048256,1.73703159579531,1.81319921856727,1.91449289875226,2.0296952619611,2.14770017456148,2.2578464659487,2.34958420627495,2.41236346569243,2.43563431435332,2.41236346569243,2.34958420627495,2.2578464659487,2.14770017456148,2.0296952619611,1.91449289875226,1.81319921856727,1.73703159579531,1.6972074048256,1.70494402004733,1.76814671202332,1.88147233601093,2.03626564344115,2.22387138574495,2.43563431435332,2.66044829563396,2.87740365570144,3.06313983560705,3.19429627640206,3.24751241913776,3.2066978265905,3.08484254843682,2.90220675607833,2.67905062091663,2.43563431435332,2.19221800779002,1.96906187262832,1.78642608026982,1.66457080211614,1.62375620956888
15,12,1.93911072486381,2.01384255233541,2.23266423397899,2.55955330625156,2.95848730561011,3.39344376851166,3.82840023141321,4.22733423077177,4.55422330304433,4.77304498468791,4.84777681215952,4.75514945676077,4.52290612917184,4.19154317491749,3.8015569395225,3.39344376851166,3.00400176971791,2.65523610020682,2.36545367935215,2.15296142652763,2.036066261107,2.02619500905236,2.10725412267923,2.2562699608915,2.45026888259304,2.66627724668773,2.88228989610999,3.0801756099164,3.24277165119407,3.35291528303012,3.39344376851166,3.35291528303012,3.24277165119407,3.0801756099164,2.88228989610999,2.66627724668773,2.45026888259304,2.2562699608915,2.10725412267923,2.02619500905236,2.036066261107,2.15296142652763,2.36545367935215,2.65523610020682,3.00400176971791,3.39344376851166,3.8015569395225,4.19154317491749,4.52290612917184,4.75514945676077,4.84777681215952,4.77304498468791,4.55422330304433,4.22733423077177,3.82840023141321,3.39344376851166,2.95848730561011,2.55955330625156,2.23266423397899,2.01384255233541,1.93911072486381
16,12,1.44354194627673,1.47982668903242,1.5881577330361,1.75052350297577,1.94891242353944,2.1653129194151,2.38171341529075,2.58010233585442,2.74246810579409,2.85079914979777,2.88708389255346,2.83977399849095,2.72317409100717,2.55805203324079,2.36517568833054,2.1653129194151,1.97705271858498,1.81026859373792,1.67265518172347,1.57190711939117,1.51571904359057,1.5088410846156,1.54424534653776,1.61195942687295,1.70201092313703,1.80442743284591,1.90933544810185,2.0072570393526,2.0888131716323,2.14462480997509,2.1653129194151,2.14462480997509,2.0888131716323,2.0072570393526,1.90933544810185,1.80442743284591,1.70201092313703,1.61195942687295,1.54424534653776,1.5088410846156,1.51571904359057,1.57190711939117,1.67265518172347,1.81026859373792,1.97705271858498,2.1653129194151,2.36517568833054,2.55805203324079,2.72317409100717,2.83977399849095,2.88708389255346,2.85079914979777,2.74246810579409,2.58010233585442,2.38171341529075,2.1653129194151,1.94891242353944,1.75052350297577,1.5881577330361,1.47982668903242,1.44354194627673
4,13,2.71114313253009,2.77929018665031,2.98274874685905,3.28769093663419,3.6602888794536,4.06671469879514,4.47314051813668,4.84573846095608,5.15068065073122,5.35413921093997,5.42228626506018,5.33343266803163,5.11444420064163,4.8043253751394,4.44208070377416,4.06671469879514,3.71313969397746,3.39989930919999,3.1414449858675,2.95222816538478,2.8467002891566,2.83378266574503,2.90027607234131,3.02745115329398,3.19657855295157,3.38892891566261,3.58595862154825,3.7698669938201,3.92303909146238,4.02785997345932,4.06671469879514,4.02785997345932,3.92303909146238,3.7698669938201,3.58595862154825,3.38892891566261,3.19657855295157,3.02745115329398,2.90027607234131,2.83378266574503,2.8467002891566,2.95222816538478,3.1414449858675,3.39989930919999,3.71313969397746,4.06671469879514,4.44208070377416,4.8043253751394,5.11444420064163,5.33343266803163,5.42228626506018,5.35413921093997,5.15068065073122,4.84573846095608,4.47314051813668,4.06671469879514,3.6602888794536,3.28769093663419,2.98274874685905,2.77929018665031,2.71114313253009
11,13,0.226971820419673,0.232676964033934,0.249710133266666,0.275239321713251,0.306432522969071,0.340457730629509,0.374482938289947,0.405676139545767,0.431205327992352,0.448238497225084,0.453943640839345,0.446504984271779,0.428171680324068,0.402209113639157,0.371882668859989,0.340457730629509,0.310857094080501,0.284633196305118,0.262995884885353,0.247155007403201,0.238320411440656,0.237238972225574,0.242805675569259,0.253452534928879,0.2676115637616,0.283714775524591,0.300209733125698,0.315606197275492,0.328429478135224,0.337204885866146,0.340457730629509,0.337204885866146,0.328429478135224,0.315606197275492,0.300209733125698,0.283714775524591,0.2676115637616,0.253452534928879,0.242805675569259,0.237238972225574,0.238320411440656,0.247155007403201,0.262995884885353,0.284633196305118,0.310857094080501,0.340457730629509,0.371882668859989,0.402209113639157,0.428171680324068,0.446504984271779,0.453943640839345,0.448238497225084,0.431205327992352,0.405676139545767,0.374482938289947,0.340457730629509,0.306432522969071,0.275239321713251,0.249710133266666,0.232676964033934,0.226971820419673
14,13,1.07507434716226,1.09082626522124,1.13907987846072,1.21170976308558,1.3005904953007,1.39759665131094,1.49460280732118,1.5834835395363,1.65611342416116,1.70436703740065,1.72011895545962,1.69820882147171,1.64533654628552,1.57116710767842,1.48536548342778,1.39759665131094,1.31620104999248,1.24422096168573,1.18337412949126,1.1353782965096,1.10195120584132,1.08391846706792,1.07853715569483,1.08217221370844,1.09118858309514,1.10195120584132,1.11141779973362,1.11891718575974,1.12437096070761,1.12770072136517,1.12882806452038,1.12770072136517,1.12437096070761,1.11891718575974,1.11141779973362,1.10195120584132,1.09118858309514,1.08217221370844,1.07853715569483,1.08391846706792,1.10195120584132,1.1353782965096,1.18337412949126,1.24422096168573,1.31620104999248,1.39759665131094,1.48536548342778,1.57116710767842,1.64533654628552,1.69820882147171,1.72011895545962,1.70436703740065,1.65611342416116,1.5834835395363,1.49460280732118,1.39759665131094,1.3005904953007,1.21170976308558,1.13907987846072,1.09082626522124,1.07507434716226
16,13,1.68577202813278,1.71047184812509,1.78613600258117,1.90002340788508,2.03939298042088,2.19150363657262,2.34361429272436,2.48298386526015,2.59687127056406,2.67253542502014,2.69723524501245,2.66287902480595,2.57997257018923,2.46367106483177,2.32912969240307,2.19150363657262,2.06387113536198,1.95100264420104,1.85559167287177,1.78033173115613,1.7279163288361,1.69964006432002,1.69120189052174,1.6969018489815,1.71103998123955,1.7279163288361,1.74276043634128,1.75451986044471,1.76307166086588,1.76829289732429,1.77006062953942,1.76829289732429,1.76307166086588,1.75451986044471,1.74276043634128,1.7279163288361,1.71103998123955,1.6969018489815,1.69120189052174,1.69964006432002,1.7279163288361,1.78033173115613,1.85559167287177,1.95100264420104,2.06387113536198,2.19150363657262,2.32912969240307,2.46367106483177,2.57997257018923,2.66287902480595,2.69723524501245,2.67253542502014,2.59687127056406,2.48298386526015,2.34361429272436,2.19150363657262,2.03939298042088,1.90002340788508,1.78613600258117,1.71047184812509,1.68577202813278
18,13,1.76750030300542,1.79339760026271,1.87273004480203,1.99213884980286,2.1382652284447,2.29775039390704,2.45723555936939,2.60336193801123,2.72277074301206,2.80210318755137,2.82800048480867,2.79197863332951,2.70505277312381,2.58311282956751,2.4420487280366,2.29775039390704,2.16393011405994,2.04558962139695,1.94555301032486,1.86664437525046,1.81168781058055,1.78204067842627,1.7731934117162,1.77916971108327,1.79399327716041,1.81168781058055,1.82725157844204,1.83958111370489,1.8485475157945,1.85402188413629,1.85587531815569,1.85402188413629,1.8485475157945,1.83958111370489,1.82725157844204,1.81168781058055,1.79399327716041,1.77916971108327,1.7731934117162,1.78204067842627,1.81168781058055,1.86664437525046,1.94555301032486,2.04558962139695,2.16393011405994,2.29775039390704,2.4420487280366,2.58311282956751,2.70505277312381,2.79197863332951,2.82800048480867,2.80210318755137,2.72277074301206,2.60336193801123,2.45723555936939,2.29775039390704,2.1382652284447,1.99213884980286,1.87273004480203,1.79339760026271,1.76750030300542
11,14,0.794053096178063,0.82465528832005,0.914261328651852,1.04812025512602,1.21148110569509,1.38959291831161,1.56770473092813,1.73106558149721,1.86492450797137,1.95453054830317,1.98513274044516,1.94720244724319,1.85210033111641,1.71640937937725,1.55671257933817,1.38959291831161,1.2301189795835,1.08730173033367,0.968637733715431,0.881623552882094,0.833755750986966,0.829713538153715,0.86290671238743,0.923927718663558,1.00336900195754,1.09182300724484,1.1802787673456,1.26131166645889,1.32789367662847,1.37299676989812,1.38959291831161,1.37299676989812,1.32789367662847,1.26131166645889,1.1802787673456,1.09182300724484,1.00336900195754,0.923927718663558,0.86290671238743,0.829713538153715,0.833755750986966,0.881623552882094,0.968637733715432,1.08730173033367,1.2301189795835,1.38959291831161,1.55671257933817,1.71640937937725,1.85210033111641,1.94720244724319,1.98513274044516,1.95453054830317,1.86492450797137,1.73106558149721,1.56770473092813,1.38959291831161,1.21148110569509,1.04812025512602,0.914261328651852,0.82465528832005,0.794053096178063
13,14,1.33767673456602,1.35727628539513,1.41731653838748,1.50768731800225,1.61827844869863,1.73897975493583,1.85968106117302,1.97027219186941,2.06064297148418,2.12068322447652,2.14028277530563,2.11302077564559,2.04723368603005,1.95494729420755,1.84818738792663,1.73897975493583,1.63770210612287,1.54813984493219,1.47243029794744,1.41271079175222,1.37111865293017,1.3486811580896,1.34198538393758,1.34650835720583,1.35772710462612,1.37111865293017,1.38289759867355,1.39222881770705,1.39901475570527,1.40315785834283,1.40456057129432,1.40315785834283,1.39901475570527,1.39222881770705,1.38289759867355,1.37111865293017,1.35772710462612,1.34650835720583,1.34198538393758,1.3486811580896,1.37111865293017,1.41271079175222,1.47243029794744,1.54813984493219,1.63770210612287,1.73897975493583,1.84818738792663,1.95494729420755,2.04723368603005,2.11302077564559,2.14028277530563,2.12068322447652,2.06064297148418,1.97027219186941,1.85968106117302,1.73897975493583,1.61827844869863,1.50768731800225,1.41731653838748,1.35727628539513,1.33767673456602
17,14,0.553859063369656,0.561974169646211,0.586833567606515,0.624251184329632,0.670040946894624,0.720016782380553,0.769992617866483,0.815782380431475,0.853199997154591,0.878059395114896,0.88617450139145,0.87488679248008,0.847647942543664,0.809437175161843,0.765233713914259,0.720016782380553,0.678083225294337,0.641000372005102,0.60965317301631,0.584926578831421,0.567705539953898,0.558415395664449,0.555643040352775,0.557515757185826,0.562160829330551,0.567705539953898,0.572582559706376,0.576446109172732,0.579255796421274,0.580971229520307,0.581552016538139,0.580971229520307,0.579255796421274,0.576446109172732,0.572582559706376,0.567705539953898,0.562160829330551,0.557515757185826,0.555643040352775,0.558415395664449,0.567705539953898,0.584926578831421,0.60965317301631,0.641000372005102,0.678083225294337,0.720016782380553,0.765233713914259,0.809437175161843,0.847647942543664,0.87488679248008,0.88617450139145,0.878059395114896,0.853199997154591,0.815782380431475,0.769992617866483,0.720016782380553,0.670040946894624,0.624251184329632,0.586833567606515,0.561974169646211,0.553859063369656
18,14,1.19904803623673,1.22918720168238,1.31917012591338,1.45403586923339,1.61882349194607,1.79857205435509,1.97832061676412,2.1431082394768,2.27797398279681,2.36795690702781,2.39809607247346,2.35879909484387,2.26194781147491,2.12479261510892,1.9645838984882,1.79857205435509,1.64219764162043,1.50366188386906,1.38935617085438,1.30567189232975,1.25900043804857,1.25328740475326,1.28269521714255,1.33894050690423,1.41373990572609,1.49881004529591,1.58594970202883,1.66728623124935,1.73502913300933,1.78138790736063,1.79857205435509,1.78138790736063,1.73502913300933,1.66728623124935,1.58594970202883,1.49881004529591,1.41373990572609,1.33894050690423,1.28269521714255,1.25328740475326,1.25900043804857,1.30567189232975,1.38935617085438,1.50366188386906,1.64219764162043,1.79857205435509,1.9645838984882,2.12479261510892,2.26194781147491,2.35879909484387,2.39809607247346,2.36795690702781,2.27797398279681,2.1431082394768,1.97832061676412,1.79857205435509,1.61882349194607,1.45403586923339,1.31917012591338,1.22918720168238,1.19904803623673
19,14,1.32565037918459,1.35897180993121,1.45845564545906,1.60756128457282,1.7897481260772,1.98847556877689,2.18720301147657,2.36938985298095,2.51849549209472,2.61797932762256,2.65130075836918,2.6078545813011,2.50077718603216,2.34914036033803,2.17201589199438,1.98847556877689,1.81559025203253,1.66242709739353,1.53605233406339,1.44353219124565,1.39193289814382,1.3856166501493,1.41812950740497,1.48031349624159,1.56301064298993,1.65706297398074,1.75340333358181,1.84332783830904,1.91822342271535,1.96947702135366,1.98847556877689,1.96947702135366,1.91822342271535,1.84332783830904,1.75340333358181,1.65706297398074,1.56301064298993,1.48031349624159,1.41812950740497,1.3856166501493,1.39193289814382,1.44353219124565,1.53605233406339,1.66242709739353,1.81559025203253,1.98847556877689,2.17201589199438,2.34914036033803,2.50077718603216,2.6078545813011,2.65130075836918,2.61797932762256,2.51849549209472,2.36938985298095,2.18720301147657,1.98847556877689,1.7897481260772,1.60756128457282,1.45845564545906,1.35897180993121,1.32565037918459
9,15,1.06038345369719,1.0759201217591,1.12351434926096,1.19515174634278,1.28281792314457,1.37849848980635,1.47417905646814,1.56184523326993,1.63348263035175,1.68107685785361,1.69661352591551,1.67500279395972,1.62285301853745,1.54969710548216,1.46506796062731,1.37849848980635,1.29821515957002,1.22721867933812,1.16720331924771,1.11986334943585,1.08689304003962,1.06910671868369,1.06379894294308,1.06738432788044,1.07627748855841,1.08689304003962,1.09623027290428,1.10362717980283,1.1090064289033,1.1122906883737,1.11340262638205,1.1122906883737,1.1090064289033,1.10362717980283,1.09623027290428,1.08689304003962,1.07627748855841,1.06738432788044,1.06379894294308,1.06910671868369,1.08689304003962,1.11986334943585,1.16720331924771,1.22721867933812,1.29821515957002,1.37849848980635,1.46506796062731,1.54969710548216,1.62285301853745,1.67500279395972,1.69661352591551,1.68107685785361,1.63348263035175,1.56184523326993,1.47417905646814,1.37849848980635,1.28281792314457,1.19515174634278,1.12351434926096,1.0759201217591,1.06038345369719
10,15,1.68454076987905,1.70922254955705,1.78483144024488,1.89863566419008,2.03790344364019,2.18990300084276,2.34190255804533,2.48117033749544,2.59497456144064,2.67058345212847,2.69526523180648,2.66093410477924,2.57808820357949,2.46187164279698,2.32742853702148,2.18990300084276,2.06236372016724,1.94957766616804,1.85423638133492,1.77903140815765,1.72665428912602,1.69839867709645,1.68996666639197,1.69566246170228,1.70979026771707,1.72665428912602,1.74148755475604,1.75323838998283,1.76178394431931,1.7670013672784,1.768767808373,1.7670013672784,1.76178394431931,1.75323838998283,1.74148755475604,1.72665428912602,1.70979026771707,1.69566246170228,1.68996666639197,1.69839867709645,1.72665428912602,1.77903140815765,1.85423638133492,1.94957766616804,2.06236372016724,2.18990300084276,2.32742853702148,2.46187164279698,2.57808820357949,2.66093410477924,2.69526523180648,2.67058345212847,2.59497456144064,2.48117033749544,2.34190255804533,2.18990300084276,2.03790344364019,1.89863566419008,1.78483144024488,1.70922254955705,1.68454076987905
12,15,1.5665596432394,1.60593654795146,1.72349949240477,1.89970196666402,2.11499746079391,2.3498394648591,2.5846814689243,2.79997696305418,2.97617943731344,3.09374238176675,3.1331192864788,3.08177767430369,2.95524119925308,2.77604754812806,2.56673440772971,2.3498394648591,2.14553585330886,1.9645384948377,1.81519775819589,1.70586401213369,1.64488762540137,1.637423531278,1.67584492115794,1.74932955096435,1.84705517662039,1.95819955404925,2.07204776149219,2.17831416646287,2.26682045879307,2.32738832831456,2.3498394648591,2.32738832831456,2.26682045879307,2.17831416646287,2.07204776149219,1.95819955404925,1.84705517662039,1.74932955096435,1.67584492115794,1.637423531278,1.64488762540137,1.70586401213369,1.81519775819589,1.9645384948377,2.14553585330886,2.3498394648591,2.56673440772971,2.77604754812806,2.95524119925308,3.08177767430369,3.1331192864788,3.09374238176675,2.97617943731344,2.79997696305418,2.5846814689243,2.3498394648591,2.11499746079391,1.89970196666402,1.72349949240477,1.60593654795146,1.5665596432394
16,15,1.84622231703764,1.8732730440254,1.95613884570283,2.0808659533975,2.23350059843701,2.40008901214894,2.56667742586087,2.71931207090038,2.84403917859505,2.92690498027248,2.95395570726023,2.91632949243654,2.82553207488216,2.6981610952285,2.55081419410696,2.40008901214894,2.26030856249026,2.13669734828445,2.03220524518944,1.94978212886317,1.89237787496359,1.86141030062919,1.8521689889207,1.85841146437941,1.87389525154661,1.89237787496359,1.90863483147682,1.92151350715357,1.93087926036629,1.93659744948746,1.93853343288953,1.93659744948746,1.93087926036629,1.92151350715357,1.90863483147682,1.89237787496359,1.87389525154661,1.85841146437941,1.8521689889207,1.86141030062919,1.89237787496359,1.94978212886317,2.03220524518944,2.13669734828445,2.26030856249026,2.40008901214894,2.55081419410696,2.6981610952285,2.82553207488216,2.91632949243654,2.95395570726023,2.92690498027248,2.84403917859505,2.71931207090038,2.56667742586087,2.40008901214894,2.23350059843701,2.0808659533975,1.95613884570282,1.8732730440254,1.84622231703764
20,15,1.27353593420126,1.32261702404996,1.46633098075298,1.68101958759675,1.94302462786769,2.2286878848522,2.51435114183672,2.77635618210765,2.99104478895142,3.13475874565445,3.18383983550315,3.1230056272871,2.97047683180857,2.75284994537296,2.4967214642857,2.2286878848522,1.97291683815973,1.74386049442293,1.55354215863827,1.41398513580224,1.33721273091132,1.33072965903412,1.38396627552779,1.4818343458216,1.60924563534482,1.75111190952673,1.8929809981527,2.02294498843243,2.12973203193172,2.20207028021638,2.2286878848522,2.20207028021638,2.12973203193172,2.02294498843243,1.8929809981527,1.75111190952673,1.60924563534482,1.4818343458216,1.38396627552779,1.33072965903412,1.33721273091132,1.41398513580224,1.55354215863827,1.74386049442293,1.97291683815973,2.2286878848522,2.4967214642857,2.75284994537296,2.97047683180857,3.1230056272871,3.18383983550315,3.13475874565445,2.99104478895142,2.77635618210765,2.51435114183672,2.2286878848522,1.94302462786769,1.68101958759675,1.46633098075298,1.32261702404996,1.27353593420126
21,15,1.92612058370145,1.95434197479524,2.04079392850789,2.1709188041847,2.33015896117093,2.50395675881188,2.67775455645283,2.83699471343906,2.96711958911587,3.05357154282852,3.08179293392231,3.04253838359547,2.94781156045803,2.81492839497297,2.66120481760326,2.50395675881188,2.35812708337029,2.22916639328386,2.12015222486643,2.03416211443185,1.97427359829398,1.94196585192869,1.93232460746,1.93883723617395,1.9549911093566,1.97427359829398,1.99123410098074,2.00467012224583,2.0144411936268,2.02040684666118,2.02242661288652,2.02040684666118,2.0144411936268,2.00467012224583,1.99123410098074,1.97427359829398,1.9549911093566,1.93883723617395,1.93232460746,1.94196585192869,1.97427359829398,2.03416211443185,2.12015222486643,2.22916639328386,2.35812708337029,2.50395675881188,2.66120481760326,2.81492839497297,2.94781156045803,3.04253838359547,3.08179293392231,3.05357154282852,2.96711958911587,2.83699471343906,2.67775455645283,2.50395675881188,2.33015896117093,2.1709188041847,2.04079392850789,1.95434197479524,1.92612058370145
26,15,2.54965618294466,2.6479179601256,2.93563750414704,3.36545037329887,3.88999212587095,4.46189832015316,5.03380451443537,5.55834626700746,5.98815913615928,6.27587868018073,6.37414045736166,6.25234859350675,5.94698148447981,5.51128609365949,4.9985093844244,4.46189832015316,3.94983720502908,3.4912597064542,3.11023683263523,2.83083959177889,2.6771389920919,2.6641596926059,2.77074095565229,2.96667569438737,3.22175682196748,3.50577725154891,3.78980331572965,4.04999502487424,4.26378580878889,4.40860909727979,4.46189832015316,4.40860909727979,4.26378580878889,4.04999502487424,3.78980331572965,3.50577725154891,3.22175682196748,2.96667569438737,2.77074095565229,2.6641596926059,2.6771389920919,2.83083959177889,3.11023683263523,3.4912597064542,3.94983720502908,4.46189832015316,4.9985093844244,5.51128609365949,5.94698148447982,6.25234859350674,6.37414045736166,6.27587868018073,5.98815913615928,5.55834626700746,5.03380451443537,4.46189832015316,3.88999212587095,3.36545037329887,2.93563750414704,2.6479179601256,2.54965618294466
27,15,2.53590269064563,2.63363441887142,2.91980193067791,3.34729628016993,3.86900852145231,4.43782970862986,5.00665089580741,5.52836313708978,5.9558574865818,6.24202499838829,6.33975672661408,6.21862183897142,5.91490195760227,5.48155681825603,4.97154615668209,4.43782970862986,3.92853078107075,3.47242696586438,3.09345942609236,2.81556932483633,2.66269782517791,2.6497885393262,2.75579487600003,2.9506726930457,3.2043778483095,3.48686619963774,3.76936015517083,4.02814832422561,4.24078586641306,4.38482794134415,4.43782970862986,4.38482794134415,4.24078586641306,4.02814832422561,3.76936015517083,3.48686619963774,3.2043778483095,2.9506726930457,2.75579487600003,2.6497885393262,2.66269782517791,2.81556932483633,3.09345942609236,3.47242696586438,3.92853078107075,4.43782970862986,4.97154615668209,5.48155681825603,5.91490195760227,6.21862183897142,6.33975672661408,6.24202499838829,5.9558574865818,5.52836313708978,5.00665089580741,4.43782970862986,3.86900852145231,3.34729628016993,2.91980193067791,2.63363441887142,2.53590269064563
4,16,2.62550508202248,2.69149954567535,2.88853137236114,3.18384122132162,3.54466975179856,3.93825762303372,4.33184549426889,4.69267402474583,4.98798387370631,5.1850157003921,5.25101016404497,5.16496322400874,4.95289204003543,4.65256907197911,4.30176677969385,3.93825762303372,3.59585114478976,3.29250521950088,3.04221480464297,2.85897485769192,2.75678033612361,2.74427074726871,2.80866379787708,2.93182174455334,3.09560684390214,3.2818813525281,3.47268739589232,3.65078657488167,3.79912035923947,3.90063021870905,3.93825762303372,3.90063021870905,3.79912035923947,3.65078657488167,3.47268739589232,3.2818813525281,3.09560684390214,2.93182174455334,2.80866379787708,2.74427074726871,2.75678033612361,2.85897485769192,3.04221480464297,3.29250521950088,3.59585114478976,3.93825762303372,4.30176677969385,4.65256907197911,4.95289204003543,5.16496322400874,5.25101016404497,5.1850157003921,4.98798387370631,4.69267402474583,4.33184549426889,3.93825762303372,3.54466975179856,3.18384122132162,2.88853137236114,2.69149954567535,2.62550508202248
12,16,1.66382450176593,1.70564624736391,1.83050846268096,2.01765103028733,2.24631383275323,2.49573675264889,2.74515967254456,2.97382247501046,3.16096504261682,3.28582725793388,3.32764900353186,3.27311968339664,3.13872678717665,2.94840732593597,2.7260983107387,2.49573675264889,2.27874829889704,2.0865131413792,1.92790010815781,1.81177802729534,1.74701572685423,1.73908820060935,1.77989510518526,1.85794226291892,1.96173549614732,2.07978062720741,2.20069746420315,2.31356175830637,2.40756324645586,2.47189166559044,2.49573675264889,2.47189166559044,2.40756324645586,2.31356175830637,2.20069746420315,2.07978062720741,1.96173549614732,1.85794226291892,1.77989510518526,1.73908820060935,1.74701572685423,1.81177802729534,1.92790010815781,2.0865131413792,2.27874829889704,2.49573675264889,2.7260983107387,2.94840732593597,3.13872678717665,3.27311968339664,3.32764900353186,3.28582725793388,3.16096504261682,2.97382247501046,2.74515967254456,2.49573675264889,2.24631383275323,2.01765103028733,1.83050846268096,1.70564624736391,1.66382450176593
13,16,2.71203307119422,2.78020249473403,2.98372784066025,3.28877012837627,3.6614903772855,4.06804960679133,4.47460883629717,4.8473290852064,5.15237137292242,5.35589671884864,5.42406614238845,5.33518337897229,5.11612302813881,4.8059024054537,4.44353882648264,4.06804960679133,3.71435854020485,3.40101533358583,3.14247617205632,2.95319724073834,2.84763472475393,2.83471286110422,2.90122809430668,3.02844492075788,3.19762783685439,3.39004133899278,3.5871357203104,3.77110446090776,3.92432683762617,4.02918212730693,4.06804960679133,4.02918212730693,3.92432683762617,3.77110446090776,3.5871357203104,3.39004133899278,3.19762783685439,3.02844492075788,2.90122809430668,2.83471286110422,2.84763472475393,2.95319724073834,3.14247617205632,3.40101533358583,3.71435854020485,4.06804960679133,4.44353882648264,4.8059024054537,5.11612302813881,5.33518337897229,5.42406614238845,5.35589671884864,5.15237137292242,4.8473290852064,4.47460883629717,4.06804960679133,3.6614903772855,3.28877012837627,2.98372784066025,2.78020249473403,2.71203307119422
15,16,1.46813553053574,1.4896465549942,1.55554231770178,1.65472663409621,1.77610331961519,1.90857618969646,2.04104905977773,2.16242574529672,2.26161006169115,2.32750582439873,2.34901684885719,2.31909608451995,2.24689301690328,2.14560626553916,2.02843444995956,1.90857618969646,1.79742129641825,1.69912435033897,1.61603112380906,1.55048738917896,1.50483891879913,1.48021317586705,1.47286438696835,1.47782846953569,1.49014134100173,1.50483891879913,1.51776662271387,1.52800788194511,1.53545562804532,1.54000279256697,1.54154230706253,1.54000279256697,1.53545562804532,1.52800788194511,1.51776662271387,1.50483891879913,1.49014134100173,1.47782846953569,1.47286438696835,1.48021317586705,1.50483891879913,1.55048738917896,1.61603112380906,1.69912435033897,1.79742129641825,1.90857618969646,2.02843444995956,2.14560626553916,2.24689301690328,2.31909608451995,2.34901684885719,2.32750582439873,2.26161006169115,2.16242574529672,2.04104905977773,1.90857618969646,1.77610331961519,1.65472663409621,1.55554231770178,1.4896465549942,1.46813553053574
18,16,1.50608982730447,1.52815695560287,1.59575625812785,1.69750469132277,1.82201921163096,1.95791677549581,2.09381433936065,2.21832885966885,2.32007729286376,2.38767659538874,2.40974372368715,2.37904944658792,2.30497978246232,2.2010745620672,2.08087361615941,1.95791677549581,1.84388830159849,1.74305017905058,1.65780882320045,1.59057064939649,1.54374207298708,1.51847970439207,1.51094093431728,1.51603334853999,1.52866453283749,1.54374207298708,1.55700398440563,1.56751000106836,1.57515028659008,1.57981500458559,1.58139431866969,1.57981500458559,1.57515028659008,1.56751000106836,1.55700398440563,1.54374207298708,1.52866453283749,1.51603334853999,1.51094093431728,1.51847970439207,1.54374207298708,1.59057064939649,1.65780882320045,1.74305017905058,1.84388830159849,1.95791677549581,2.08087361615941,2.2010745620672,2.30497978246232,2.37904944658792,2.40974372368715,2.38767659538874,2.32007729286376,2.21832885966885,2.09381433936065,1.95791677549581,1.82201921163096,1.69750469132277,1.59575625812785,1.52815695560287,1.50608982730447
21,16,1.63462976542188,1.69762713222673,1.8820892310372,2.15764987885189,2.49394289266939,2.8606020894883,3.22726128630721,3.56355430012471,3.8391149479394,4.02357704674987,4.08657441355471,4.00849149116887,3.81271522567265,3.53338318896271,3.20463295293571,2.8606020894883,2.53231063352805,2.23830847200623,1.994027954885,1.81490143212652,1.71636125369298,1.70803999476558,1.77637113140168,1.9019883648777,2.06552539647003,2.24761592745509,2.42971007088162,2.59652358688774,2.73358864738391,2.82643742428061,2.8606020894883,2.82643742428061,2.73358864738391,2.59652358688774,2.42971007088162,2.24761592745509,2.06552539647003,1.9019883648777,1.77637113140168,1.70803999476558,1.71636125369298,1.81490143212652,1.994027954885,2.23830847200623,2.53231063352805,2.8606020894883,3.20463295293571,3.53338318896271,3.81271522567265,4.00849149116887,4.08657441355471,4.02357704674987,3.8391149479394,3.56355430012471,3.22726128630721,2.8606020894883,2.49394289266939,2.15764987885189,1.8820892310372,1.69762713222673,1.63462976542188
11,17,1.97370112449672,2.02331190149126,2.17142890212255,2.39342557048141,2.66467535065865,2.96055168674509,3.25642802283152,3.52767780300876,3.74967447136762,3.89779147199892,3.94740224899345,3.88271719335525,3.7232944837412,3.49752924572142,3.23381660486601,2.96055168674509,2.70315052771763,2.47511280729815,2.28695911579005,2.14921004349672,2.07238618072156,2.06298220365103,2.11138913200388,2.20397207138193,2.327096127387,2.46712640562091,2.61056322656914,2.74444777025185,2.85595643157286,2.932265605436,2.96055168674509,2.932265605436,2.85595643157286,2.74444777025185,2.61056322656914,2.46712640562091,2.327096127387,2.20397207138193,2.11138913200388,2.06298220365103,2.07238618072156,2.14921004349672,2.28695911579005,2.47511280729815,2.70315052771763,2.96055168674509,3.23381660486601,3.49752924572142,3.7232944837412,3.88271719335525,3.94740224899345,3.89779147199892,3.74967447136762,3.52767780300876,3.25642802283152,2.96055168674509,2.66467535065865,2.39342557048141,2.17142890212255,2.02331190149126,1.97370112449672
14,17,0.963623420585941,0.97774236705773,1.02099361937176,1.08609410106748,1.16576073568432,1.25271044676172,1.33966015783912,1.41932679245596,1.48442727415168,1.52767852646572,1.54179747293751,1.52215872114824,1.47476761484609,1.40828718182101,1.33138044986291,1.25271044676172,1.17975297366213,1.11523492512781,1.06069596907717,1.01767577342862,0.987714006100589,0.971550687288993,0.966727246299761,0.969985464716328,0.978067124122126,0.987714006100589,0.996199216088047,1.00292115493242,1.00780954733453,1.0107941179952,1.01180459161524,1.0107941179952,1.00780954733453,1.00292115493242,0.996199216088047,0.987714006100589,0.978067124122126,0.969985464716328,0.966727246299761,0.971550687288993,0.987714006100589,1.01767577342862,1.06069596907717,1.11523492512781,1.17975297366213,1.25271044676172,1.33138044986291,1.40828718182101,1.47476761484609,1.52215872114824,1.54179747293751,1.52767852646572,1.48442727415168,1.41932679245596,1.33966015783912,1.25271044676172,1.16576073568432,1.08609410106748,1.02099361937176,0.97774236705773,0.963623420585941
19,17,1.53470477467875,1.57328097823056,1.68845336439308,1.86107288751363,2.07199050193954,2.30205716201812,2.5321238220967,2.74304143652261,2.91566095964316,3.03083334580568,3.06940954935749,3.01911193210117,2.89514848566027,2.71959860911359,2.51454170153994,2.30205716201812,2.10190791811068,1.92459101131514,1.77828701161279,1.67117648898488,1.61144001341268,1.60412769629841,1.64176781472799,1.71375818720828,1.80949663224614,1.91838096834843,2.02991415401763,2.13401970773865,2.22072628799205,2.28006255325836,2.30205716201812,2.28006255325836,2.22072628799205,2.13401970773865,2.02991415401763,1.91838096834843,1.80949663224614,1.71375818720828,1.64176781472799,1.60412769629841,1.61144001341268,1.67117648898488,1.77828701161279,1.92459101131514,2.10190791811068,2.30205716201812,2.51454170153994,2.71959860911359,2.89514848566027,3.01911193210117,3.06940954935749,3.03083334580568,2.91566095964316,2.74304143652261,2.5321238220967,2.30205716201812,2.07199050193954,1.86107288751363,1.68845336439308,1.57328097823056,1.53470477467875
25,17,2.62457450503622,2.72572357640268,3.02189738402846,3.46433974384872,4.00429447179863,4.59300538381338,5.18171629582812,5.72167102377803,6.16411338359829,6.46028719122407,6.56143626259054,6.43606570363726,6.12172578032138,5.67322804860441,5.1453840644479,4.59300538381338,4.06589802056767,3.59384582019888,3.20162708610041,2.91402012166566,2.75580323028803,2.74244255101211,2.85215556548728,3.05384759101408,3.31642394489307,3.6087899444248,3.90116174412118,4.16899884733954,4.38907159464857,4.53815032661696,4.59300538381338,4.53815032661696,4.38907159464857,4.16899884733954,3.90116174412118,3.6087899444248,3.31642394489307,3.05384759101408,2.85215556548728,2.74244255101211,2.75580323028803,2.91402012166566,3.20162708610041,3.59384582019888,4.06589802056767,4.59300538381338,5.1453840644479,5.67322804860441,6.12172578032138,6.43606570363726,6.56143626259054,6.46028719122407,6.16411338359829,5.72167102377803,5.18171629582812,4.59300538381338,4.00429447179863,3.46433974384872,3.02189738402846,2.72572357640268,2.62457450503622
13,18,2.11727568639903,2.14829786938428,2.24332962450199,2.38636855871905,2.56141227900234,2.75245839231874,2.94350450563514,3.11854822591843,3.26158716013549,3.3566189152532,3.38764109823845,3.34449078579652,3.2403629335863,3.09429196700508,2.92531231145013,2.75245839231874,2.59215605778131,2.45039684710067,2.33056372231278,2.23603964545357,2.17020757855901,2.13469349577499,2.12409541968727,2.13125438499155,2.14901142638356,2.17020757855901,2.18885130225504,2.20362076237464,2.21436154986222,2.22091925566219,2.22313947071898,2.22091925566219,2.21436154986222,2.20362076237464,2.18885130225504,2.17020757855901,2.14901142638356,2.13125438499155,2.12409541968727,2.13469349577499,2.17020757855901,2.23603964545357,2.33056372231278,2.45039684710067,2.59215605778131,2.75245839231874,2.92531231145013,3.09429196700508,3.2403629335863,3.34449078579652,3.38764109823845,3.3566189152532,3.26158716013549,3.11854822591843,2.94350450563514,2.75245839231874,2.56141227900234,2.38636855871905,2.24332962450199,2.14829786938428,2.11727568639903
14,18,1.35796061123449,1.41029536283519,1.56353634115887,1.79245698952479,2.0718307512522,2.37643106966035,2.6810313880685,2.96040514979591,3.18932579816183,3.34256677648551,3.39490152808621,3.33003452562912,3.16739435916315,2.93534064808314,2.66223301178392,2.37643106966035,2.10370456263766,1.85946371776268,1.65652888361262,1.50772040876473,1.42585864179621,1.4189457970051,1.47571155157262,1.58006744840083,1.71592503039175,1.86719584044742,2.01846965152101,2.15704915677025,2.27091527940399,2.34804894263107,2.37643106966035,2.34804894263107,2.27091527940399,2.15704915677025,2.01846965152101,1.86719584044742,1.71592503039175,1.58006744840083,1.47571155157262,1.4189457970051,1.42585864179621,1.50772040876473,1.65652888361262,1.85946371776268,2.10370456263766,2.37643106966035,2.66223301178392,2.93534064808314,3.16739435916315,3.33003452562912,3.39490152808621,3.34256677648551,3.18932579816183,2.96040514979591,2.6810313880685,2.37643106966035,2.0718307512522,1.79245698952479,1.56353634115887,1.41029536283519,1.35796061123449
16,18,0.962545464123319,0.976648616448485,1.01985148578847,1.08487914288958,1.16445665849809,1.25130910336031,1.33816154822254,1.41773906383105,1.48276672093216,1.52596959027214,1.54007274259731,1.52045595967986,1.47311786739566,1.40671180264649,1.32989110233411,1.25130910336031,1.17843324407162,1.11398736859359,1.0595094224965,1.01653735135067,0.986609100726401,0.970463862996687,0.965645817745329,0.968900391358829,0.976973010223686,0.986609100726401,0.995084818741428,1.00179923809503,1.00668216210143,1.00966339407484,1.01067273732948,1.00966339407484,1.00668216210143,1.00179923809503,0.995084818741428,0.986609100726401,0.976973010223686,0.968900391358829,0.965645817745329,0.970463862996687,0.986609100726401,1.01653735135067,1.0595094224965,1.11398736859359,1.17843324407162,1.25130910336031,1.32989110233411,1.40671180264649,1.47311786739566,1.52045595967986,1.54007274259731,1.52596959027214,1.48276672093216,1.41773906383105,1.33816154822254,1.25130910336031,1.16445665849809,1.08487914288958,1.01985148578847,0.976648616448485,0.962545464123319
19,18,0.813151356183426,0.83359065679167,0.894613847406646,0.986074955526672,1.09782800865006,1.21972703427514,1.34162605990021,1.45337911302361,1.54484022114363,1.60586341175861,1.62630271236685,1.5996529121189,1.53397184677414,1.44095811374418,1.33231031044065,1.21972703427514,1.11367951829182,1.01972953806502,0.942211504801631,0.885459829708528,0.853808923992597,0.849934549796064,0.869877873002525,0.908021410430921,0.958747678900194,1.01643919522928,1.07553418384385,1.13069369959645,1.17663450494635,1.20807336235282,1.21972703427514,1.20807336235282,1.17663450494635,1.13069369959645,1.07553418384385,1.01643919522928,0.958747678900194,0.908021410430921,0.869877873002525,0.849934549796064,0.853808923992597,0.885459829708528,0.942211504801631,1.01972953806502,1.11367951829182,1.21972703427514,1.33231031044065,1.44095811374418,1.53397184677414,1.5996529121189,1.62630271236685,1.60586341175861,1.54484022114363,1.45337911302361,1.34162605990021,1.21972703427514,1.09782800865006,0.986074955526672,0.894613847406646,0.83359065679167,0.813151356183426
21,18,1.97956235036192,2.00856676667772,2.09741739946413,2.2311526946035,2.39481109797817,2.5734310554705,2.75205101296282,2.9157094163375,3.04944471147686,3.13829534426328,3.16729976057908,3.12695606114253,3.02960096601556,2.893030850096,2.7350420882817,2.5734310554705,2.42355521825011,2.29101640996782,2.17897755566076,2.09060158036609,2.02905140912097,1.995847258316,1.98593850975563,1.99263183659774,2.00923391200022,2.02905140912097,2.04648249461272,2.06029130910757,2.07033348673244,2.07646466161428,2.07854046788002,2.07646466161428,2.07033348673244,2.06029130910757,2.04648249461272,2.02905140912097,2.00923391200022,1.99263183659774,1.98593850975563,1.995847258316,2.02905140912097,2.09060158036609,2.17897755566076,2.29101640996782,2.42355521825011,2.5734310554705,2.7350420882817,2.893030850096,3.02960096601556,3.12695606114253,3.16729976057908,3.13829534426328,3.04944471147686,2.9157094163375,2.75205101296282,2.5734310554705,2.39481109797817,2.2311526946035,2.09741739946413,2.00856676667772,1.97956235036192
24,18,1.93283919625026,1.96115902800968,2.0479125397795,2.17849131155711,2.33828692333992,2.51269095512533,2.68709498691074,2.84689059869355,2.97746937047117,3.06422288224098,3.09254271400041,3.05315123760744,2.95809399236246,2.82474730942646,2.67048751996042,2.51269095512533,2.36635260276304,2.23694207743885,2.12754765039893,2.04125759288942,1.98116017615651,1.94873973527355,1.93906486062271,1.94560020641334,1.96181042685482,1.98116017615651,1.99817983975311,2.01166272798065,2.02146788240052,2.0274543445741,2.02948115606277,2.0274543445741,2.02146788240052,2.01166272798065,1.99817983975311,1.98116017615651,1.96181042685482,1.94560020641334,1.93906486062271,1.94873973527355,1.98116017615651,2.04125759288942,2.12754765039893,2.23694207743885,2.36635260276304,2.51269095512533,2.67048751996042,2.82474730942646,2.95809399236246,3.05315123760744,3.09254271400041,3.06422288224098,2.97746937047117,2.84689059869355,2.68709498691074,2.51269095512533,2.33828692333992,2.17849131155711,2.0479125397795,1.96115902800968,1.93283919625026
14,19,0.839871445217791,0.860982379622006,0.92401078743793,1.01847730031264,1.1339025498932,1.25980716782669,1.38571178576018,1.50113703534074,1.59560354821544,1.65863195603137,1.67974289043558,1.65221737986634,1.58437803992665,1.48830788301069,1.37608992151264,1.25980716782669,1.15027493888384,1.05323776976245,0.973172500077673,0.914555969444694,0.881865017478681,0.87786333165351,0.898461990877879,0.93785892191919,0.990252051544842,1.04983930652224,1.11087615177304,1.16784820483593,1.21529862140387,1.24777055716981,1.25980716782669,1.24777055716981,1.21529862140387,1.16784820483593,1.11087615177304,1.04983930652224,0.990252051544842,0.93785892191919,0.898461990877879,0.87786333165351,0.881865017478681,0.914555969444694,0.973172500077673,1.05323776976245,1.15027493888384,1.25980716782669,1.37608992151264,1.48830788301069,1.58437803992665,1.65221737986634,1.67974289043558,1.65863195603137,1.59560354821544,1.50113703534074,1.38571178576018,1.25980716782669,1.1339025498932,1.01847730031264,0.92401078743793,0.860982379622006,0.839871445217791
17,19,1.21758894837949,1.26451388466853,1.40191442493616,1.60717166818773,1.8576667134286,2.13078065966411,2.40389460589962,2.65438965114049,2.85964689439206,2.99704743465969,3.04397237094873,2.98581063587862,2.83998249652519,2.63191605357836,2.38703940772802,2.13078065966411,1.88624574596062,1.66725194672788,1.48529437796032,1.35186815565238,1.27846839579847,1.27227012808003,1.3231680369266,1.41673672045472,1.53855077678094,1.6741848040218,1.80982152206697,1.93407613789856,2.03617198027179,2.1053323779419,2.13078065966411,2.1053323779419,2.03617198027179,1.93407613789856,1.80982152206697,1.6741848040218,1.53855077678094,1.41673672045472,1.3231680369266,1.27227012808003,1.27846839579847,1.35186815565238,1.48529437796033,1.66725194672788,1.88624574596062,2.13078065966411,2.38703940772802,2.63191605357836,2.83998249652519,2.98581063587862,3.04397237094873,2.99704743465969,2.85964689439206,2.65438965114049,2.40389460589962,2.13078065966411,1.8576667134286,1.60717166818773,1.40191442493616,1.26451388466853,1.21758894837949
18,19,1.00950482474937,1.04841035986275,1.16232935404215,1.33250844252106,1.54019426053297,1.7666334433114,1.99307262608982,2.20075844410174,2.37093753258065,2.48485652676004,2.52376206187342,2.47554008002379,2.35463375079221,2.18212555062924,1.97909795598544,1.7666334433114,1.5638891793035,1.38232109164151,1.231459798251,1.12083591705759,1.05998006598684,1.05484107291764,1.09704060554206,1.17461854150542,1.27561475845308,1.38806913403038,1.50052574055757,1.60354542905451,1.68819324521595,1.74553423473666,1.7666334433114,1.74553423473666,1.68819324521595,1.60354542905451,1.50052574055757,1.38806913403038,1.27561475845308,1.17461854150542,1.09704060554206,1.05484107291764,1.05998006598684,1.12083591705759,1.231459798251,1.38232109164151,1.5638891793035,1.7666334433114,1.97909795598544,2.18212555062924,2.35463375079221,2.47554008002379,2.52376206187342,2.48485652676004,2.37093753258065,2.20075844410174,1.99307262608982,1.7666334433114,1.54019426053297,1.33250844252106,1.16232935404215,1.04841035986275,1.00950482474937
23,19,1.14118798758936,1.15790859832465,1.20912965473999,1.28622604541536,1.38057265893076,1.48354438386617,1.58651610880158,1.68086272231698,1.75795911299236,1.80918016940769,1.82590078014298,1.80264324285779,1.74651949153002,1.66778886921717,1.57671071897673,1.48354438386617,1.39714321290304,1.32073657894503,1.25614786080987,1.20520043731532,1.1697176872791,1.15057599263644,1.14486374779248,1.14872235026986,1.15829319759119,1.1697176872791,1.17976644647589,1.18772702080258,1.19351618549984,1.19705071580836,1.19824738696883,1.19705071580836,1.19351618549984,1.18772702080258,1.17976644647589,1.1697176872791,1.15829319759119,1.14872235026986,1.14486374779248,1.15057599263644,1.1697176872791,1.20520043731532,1.25614786080987,1.32073657894503,1.39714321290304,1.48354438386617,1.57671071897673,1.66778886921717,1.74651949153002,1.80264324285779,1.82590078014298,1.80918016940769,1.75795911299236,1.68086272231698,1.58651610880158,1.48354438386617,1.38057265893076,1.28622604541536,1.20912965473999,1.15790859832465,1.14118798758936
24,19,0.814743052079298,0.835222361414878,0.896365001332024,0.988005139185346,1.09997694232945,1.22211457811895,1.34425221390844,1.45622401705255,1.54786415490587,1.60900679482302,1.6294861041586,1.60278413849597,1.53697450633355,1.44377870439847,1.33491822941788,1.22211457811895,1.11585948036788,1.0217255985872,0.944055828338487,0.887193065183313,0.855480204683263,0.851598246627389,0.871580607714629,0.909798808871391,0.960624371024086,1.01842881509912,1.07763947867399,1.13290696593051,1.17893769770157,1.21043809482009,1.22211457811895,1.21043809482009,1.17893769770157,1.13290696593051,1.07763947867399,1.01842881509912,0.960624371024086,0.909798808871391,0.871580607714629,0.851598246627389,0.855480204683263,0.887193065183313,0.944055828338487,1.0217255985872,1.11585948036788,1.22211457811895,1.33491822941788,1.44377870439847,1.53697450633355,1.60278413849597,1.6294861041586,1.60900679482302,1.54786415490587,1.45622401705255,1.34425221390844,1.22211457811895,1.09997694232945,0.988005139185346,0.896365001332024,0.835222361414878,0.814743052079298
25,19,1.37149658353893,1.4059704004255,1.50889477829028,1.66315707688873,1.85164465597628,2.05724487530839,2.2628450946405,2.45133267372806,2.60559497232651,2.70851935019129,2.74299316707786,2.6980444503179,2.58726389754807,2.43038287398127,2.24713274483041,2.05724487530839,1.87838050429318,1.71992036532302,1.58917506560121,1.49345521233106,1.44007141271588,1.43353672402171,1.46717400376561,1.53150855952737,1.61706569888679,1.71437072942366,1.81404291759974,1.90707736540467,1.98456313371002,2.0375892833874,2.05724487530839,2.0375892833874,1.98456313371002,1.90707736540467,1.81404291759974,1.71437072942366,1.61706569888679,1.53150855952737,1.46717400376561,1.43353672402171,1.44007141271588,1.49345521233106,1.58917506560121,1.71992036532302,1.87838050429318,2.05724487530839,2.24713274483041,2.43038287398127,2.58726389754807,2.6980444503179,2.74299316707786,2.70851935019129,2.60559497232651,2.45133267372806,2.2628450946405,2.05724487530839,1.85164465597628,1.66315707688873,1.50889477829028,1.4059704004255,1.37149658353893
8,20,2.83560935704434,2.90688498318141,3.11968414903005,3.43862596966238,3.8283295601505,4.25341403556651,4.67849851098253,5.06820210147064,5.38714392210297,5.59994308795162,5.67121871408868,5.57828592565782,5.34924388808882,5.02488777688304,4.64601276754182,4.25341403556651,3.88360670962782,3.55598573107393,3.28566599442239,3.08776239419075,2.97738982489656,2.963879164623,3.03342522571576,3.1664388040862,3.34333069564564,3.54451169630543,3.75058686471737,3.94293831049522,4.1031424059932,4.21277552356556,4.25341403556651,4.21277552356556,4.1031424059932,3.94293831049522,3.75058686471737,3.54451169630543,3.34333069564564,3.1664388040862,3.03342522571576,2.963879164623,2.97738982489656,3.08776239419075,3.28566599442239,3.55598573107393,3.88360670962782,4.25341403556651,4.64601276754182,5.02488777688304,5.34924388808882,5.57828592565782,5.67121871408868,5.59994308795162,5.38714392210297,5.06820210147064,4.67849851098253,4.25341403556651,3.8283295601505,3.43862596966238,3.11968414903005,2.90688498318141,2.83560935704434
10,20,1.64183015736027,1.68309905506152,1.80631069811928,1.99097940019444,2.21661947494786,2.4627452360404,2.70887099713294,2.93451107188636,3.11917977396152,3.24239141701928,3.28366031472053,3.22985182580638,3.09723548933894,2.90943188946056,2.69006161031359,2.4627452360404,2.24862518504305,2.05893121276249,1.9024149088994,1.78782786315444,1.72392166522828,1.71609893413597,1.75636640615008,1.83338184685755,1.93580302184532,2.05228769670033,2.17160611598164,2.28297844013672,2.37573730858515,2.43921536074652,2.4627452360404,2.43921536074652,2.37573730858515,2.28297844013672,2.17160611598164,2.05228769670033,1.93580302184532,1.83338184685755,1.75636640615008,1.71609893413597,1.72392166522828,1.78782786315444,1.9024149088994,2.05893121276249,2.24862518504305,2.4627452360404,2.69006161031359,2.90943188946056,3.09723548933894,3.22985182580638,3.28366031472053,3.24239141701928,3.11917977396152,2.93451107188636,2.70887099713294,2.4627452360404,2.21661947494786,1.99097940019444,1.80631069811928,1.68309905506152,1.64183015736027
15,20,1.22997796011197,1.24799951563804,1.30320581921787,1.38630068383803,1.48798792248508,1.59897134814557,1.70995477380606,1.8116420124531,1.89473687707327,1.9499431806531,1.96796473617916,1.94289764944291,1.88240719745544,1.79755095003273,1.69938647699077,1.59897134814557,1.50584774610257,1.42349630462515,1.35388227026615,1.29897088957841,1.26072740911477,1.24009639758494,1.23393971232604,1.23809853283205,1.24841403859697,1.26072740911477,1.2715580106221,1.28013795632618,1.28637754617687,1.29018708012404,1.29147685811757,1.29018708012404,1.28637754617687,1.28013795632618,1.2715580106221,1.26072740911477,1.24841403859697,1.23809853283205,1.23393971232604,1.24009639758494,1.26072740911477,1.29897088957841,1.35388227026615,1.42349630462515,1.50584774610257,1.59897134814557,1.69938647699077,1.79755095003273,1.88240719745544,1.94289764944291,1.96796473617916,1.9499431806531,1.89473687707327,1.8116420124531,1.70995477380606,1.59897134814557,1.48798792248508,1.38630068383803,1.30320581921787,1.24799951563804,1.22997796011197
22,20,0.77878592858546,0.798361422843429,0.856805649501783,0.944401425460425,1.05143156761926,1.16817889287819,1.28492621813712,1.39195636029596,1.4795521362546,1.53799636291295,1.55757185717092,1.53204833159982,1.46914308145662,1.38006029766969,1.27600417116743,1.16817889287819,1.06661316027352,0.976633696997549,0.902391733237569,0.848038499180867,0.817725225014733,0.814014589739528,0.833115067607907,0.869646581685597,0.918229055038328,0.973482410731825,1.03007992512195,1.08290828772511,1.12690754134785,1.15701772879669,1.16817889287819,1.15701772879669,1.12690754134785,1.08290828772511,1.03007992512195,0.973482410731825,0.918229055038328,0.869646581685597,0.833115067607907,0.814014589739528,0.817725225014733,0.848038499180867,0.902391733237569,0.976633696997549,1.06661316027352,1.16817889287819,1.27600417116743,1.38006029766969,1.46914308145662,1.53204833159982,1.55757185717092,1.53799636291295,1.4795521362546,1.39195636029596,1.28492621813712,1.16817889287819,1.05143156761926,0.944401425460425,0.856805649501783,0.798361422843429,0.77878592858546
26,20,0.900542800450569,0.923178764676701,0.990760272782117,1.09205093879699,1.21581437675151,1.35081420067585,1.48581402460019,1.60957746255471,1.71086812856959,1.77844963667501,1.80108560090114,1.77157167884438,1.698831702366,1.59582154689347,1.47549708785426,1.35081420067585,1.23336948844825,1.12932246491155,1.04347337146838,0.980622449521354,0.945569940473098,0.941279177428299,0.963365860299902,1.00560878070292,1.06178673025235,1.12567850056321,1.1911245778954,1.2522122270884,1.30309040762656,1.33790807899426,1.35081420067585,1.33790807899426,1.30309040762656,1.2522122270884,1.1911245778954,1.12567850056321,1.06178673025235,1.00560878070292,0.963365860299902,0.941279177428299,0.945569940473098,0.980622449521354,1.04347337146838,1.12932246491155,1.23336948844825,1.35081420067585,1.47549708785426,1.59582154689347,1.698831702366,1.77157167884438,1.80108560090114,1.77844963667501,1.71086812856959,1.60957746255471,1.48581402460019,1.35081420067585,1.21581437675151,1.09205093879699,0.990760272782117,0.923178764676701,0.900542800450569
15,21,1.67418066692784,1.69871065106426,1.77385453912018,1.88695885511573,2.02537012307102,2.17643486700619,2.32749961094136,2.46591087889665,2.57901519489219,2.65415908294811,2.67868906708454,2.64456908010021,2.56223268990836,2.44673087320084,2.3131146066695,2.17643486700619,2.04967996632417,1.93758755842233,1.842832632521,1.76809017784046,1.71603518360103,1.68795334655798,1.67957319360639,1.68523395917634,1.69927487769787,1.71603518360103,1.73077722308694,1.74245578944088,1.75094878771919,1.75613412297819,1.75788970027423,1.75613412297819,1.75094878771919,1.74245578944088,1.73077722308694,1.71603518360103,1.69927487769787,1.68523395917634,1.67957319360639,1.68795334655798,1.71603518360103,1.76809017784046,1.842832632521,1.93758755842233,2.04967996632417,2.17643486700619,2.3131146066695,2.44673087320084,2.56223268990836,2.64456908010021,2.67868906708454,2.65415908294811,2.57901519489219,2.46591087889665,2.32749961094136,2.17643486700619,2.02537012307102,1.88695885511573,1.77385453912018,1.69871065106426,1.67418066692784
16,21,1.51650556519181,1.55462431502273,1.66843093597916,1.83900346027972,2.04741992014303,2.27475834778772,2.50209677543241,2.71051323529572,2.88108575959628,2.99489238055271,3.03301113038363,2.98330996456751,2.86081653162218,2.68734840332532,2.48472315145461,2.27475834778772,2.07698256233211,1.90176835801433,1.75719929599073,1.65135893741764,1.5923308434514,1.58510523903471,1.6222990042557,1.69343568298888,1.78803881910873,1.89563195648977,2.00584253220542,2.1087135561249,2.19439193131634,2.2530245608479,2.27475834778772,2.2530245608479,2.19439193131634,2.1087135561249,2.00584253220542,1.89563195648977,1.78803881910873,1.69343568298888,1.6222990042557,1.58510523903471,1.5923308434514,1.65135893741764,1.75719929599073,1.90176835801433,2.07698256233211,2.27475834778772,2.48472315145461,2.68734840332532,2.86081653162218,2.98330996456751,3.03301113038363,2.99489238055271,2.88108575959628,2.71051323529572,2.50209677543241,2.27475834778772,2.04741992014303,1.83900346027972,1.66843093597916,1.55462431502273,1.51650556519181
18,21,1.06856896359113,1.08422556520131,1.13218719094835,1.20437758479804,1.29272049071614,1.38913965266847,1.48555881462079,1.5739017205389,1.64609211438858,1.69405374013562,1.7097103417458,1.6879327881939,1.63538044849057,1.56165981665546,1.47637738670821,1.38913965266847,1.30823658436316,1.23669205484838,1.17621341298749,1.12850800764388,1.09528318768091,1.07735956683305,1.07201081831916,1.0756238802292,1.08458569065313,1.09528318768091,1.10469249825644,1.11214650473948,1.11756727834373,1.1208768902829,1.12199741177068,1.1208768902829,1.11756727834373,1.11214650473948,1.10469249825644,1.09528318768091,1.08458569065313,1.0756238802292,1.07201081831916,1.07735956683305,1.09528318768091,1.12850800764388,1.17621341298749,1.23669205484838,1.30823658436316,1.38913965266847,1.47637738670821,1.56165981665546,1.63538044849057,1.6879327881939,1.7097103417458,1.69405374013562,1.64609211438858,1.5739017205389,1.48555881462079,1.38913965266847,1.29272049071614,1.20437758479803,1.13218719094835,1.08422556520131,1.06856896359113
24,21,1.51085637800491,1.54883313036608,1.66221580635346,1.83215292506051,2.03979300558066,2.26628456700737,2.49277612843407,2.70041620895423,2.87035332766127,2.98373600364866,3.02171275600982,2.97219673372073,2.85015960528741,2.67733766909838,2.47546722354219,2.26628456700737,2.06924552295167,1.89468401510974,1.75065349228543,1.64520740328262,1.58639919690516,1.5792005088367,1.61625572228001,1.68712740731765,1.78137813403217,1.88857047250614,1.99837049900491,2.10085831452504,2.18621752624591,2.2446317413469,2.26628456700737,2.2446317413469,2.18621752624591,2.10085831452504,1.99837049900491,1.88857047250614,1.78137813403217,1.68712740731765,1.61625572228001,1.5792005088367,1.58639919690516,1.64520740328262,1.75065349228543,1.89468401510974,2.06924552295167,2.26628456700737,2.47546722354219,2.67733766909838,2.85015960528741,2.97219673372073,3.02171275600982,2.98373600364866,2.87035332766127,2.70041620895423,2.49277612843407,2.26628456700737,2.03979300558066,1.83215292506051,1.66221580635346,1.54883313036608,1.51085637800491
27,21,1.25284376359293,1.27120034735563,1.32743295915358,1.41207259197797,1.51565023881998,1.62869689267081,1.74174354652164,1.84532119336365,1.92996082618804,1.98619343798599,2.00455002174869,1.97901692741089,1.91740193268162,1.83096817221345,1.73097878065899,1.62869689267081,1.53384208401045,1.44995969487522,1.37905150657136,1.32311930040512,1.28416485768276,1.26315030704039,1.25687916643368,1.26111530114815,1.27162257646933,1.28416485768276,1.29519680459112,1.30393625506578,1.31029184149523,1.31417219626799,1.31548595177258,1.31417219626799,1.31029184149523,1.30393625506578,1.29519680459112,1.28416485768276,1.27162257646933,1.26111530114815,1.25687916643368,1.26315030704039,1.28416485768276,1.32311930040512,1.37905150657136,1.44995969487522,1.53384208401045,1.62869689267081,1.73097878065899,1.83096817221345,1.91740193268162,1.97901692741089,2.00455002174869,1.98619343798599,1.92996082618804,1.84532119336365,1.74174354652164,1.62869689267081,1.51565023881998,1.41207259197797,1.32743295915358,1.27120034735563,1.25284376359293
28,21,1.34256769077647,1.37631435357181,1.47706775388869,1.62807620734672,1.81258802956552,2.0138515361647,2.21511504276389,2.39962686498269,2.55063531844072,2.6513887187576,2.68513538155294,2.64113476530053,2.53269089989085,2.37911895806855,2.19973411257828,2.0138515361647,1.8387599402845,1.68364219124255,1.55565469405575,1.46195385374103,1.40969607531529,1.40329922240631,1.43622699308529,1.49920454403429,1.58295703193536,1.67820961347059,1.77577942233508,1.86685150027626,1.9427028660546,1.99461053843059,2.0138515361647,1.99461053843059,1.9427028660546,1.86685150027626,1.77577942233508,1.67820961347059,1.58295703193536,1.49920454403429,1.43622699308529,1.40329922240631,1.40969607531529,1.46195385374103,1.55565469405575,1.68364219124255,1.8387599402845,2.0138515361647,2.19973411257828,2.37911895806855,2.53269089989085,2.64113476530053,2.68513538155294,2.6513887187576,2.55063531844072,2.39962686498269,2.21511504276389,2.0138515361647,1.81258802956552,1.62807620734672,1.47706775388869,1.37631435357181,1.34256769077647
29,21,0.868635572989603,0.881362763815948,0.920350583677647,0.979033875315862,1.05084748147175,1.12922624488648,1.20760500830121,1.27941861445711,1.33810190609532,1.37708972595702,1.38981691678336,1.372114027824,1.32939443436255,1.26946721819108,1.20014146110169,1.12922624488648,1.06346045391889,1.00530218289772,0.956139329103131,0.917359789815287,0.890351462314343,0.875781420327622,0.871433443371111,0.874370487407959,0.88165550840132,0.890351462314343,0.898000254448215,0.904059587456263,0.908466113329849,0.911156484060335,0.912067351639083,0.911156484060335,0.908466113329849,0.904059587456263,0.898000254448215,0.890351462314343,0.88165550840132,0.874370487407959,0.871433443371111,0.875781420327622,0.890351462314343,0.917359789815287,0.956139329103131,1.00530218289772,1.06346045391889,1.12922624488648,1.20014146110169,1.26946721819108,1.32939443436255,1.37211402782401,1.38981691678336,1.37708972595702,1.33810190609532,1.27941861445711,1.20760500830121,1.12922624488648,1.05084748147175,0.979033875315861,0.920350583677647,0.881362763815948,0.868635572989603
20,22,0.859464321257655,0.881067740462041,0.945566501614013,1.04223676922668,1.16035470781313,1.28919648188648,1.41803825595983,1.53615619454629,1.63282646215895,1.69732522331092,1.71892864251531,1.69076100520205,1.62133908046842,1.52302775832854,1.40819192879652,1.28919648188648,1.17710903881382,1.07780814559908,0.995875079464072,0.935891117630618,0.902437537320538,0.898342498477153,0.919421691929789,0.959737691229269,1.01335306992642,1.07433040157207,1.13679114014568,1.19509226134127,1.24364962128149,1.27687907608901,1.28919648188648,1.27687907608901,1.24364962128149,1.19509226134127,1.13679114014568,1.07433040157207,1.01335306992642,0.959737691229269,0.919421691929789,0.898342498477153,0.902437537320538,0.935891117630618,0.995875079464072,1.07780814559908,1.17710903881382,1.28919648188648,1.40819192879652,1.52302775832854,1.62133908046842,1.69076100520205,1.71892864251531,1.69732522331092,1.63282646215895,1.53615619454629,1.41803825595983,1.28919648188648,1.16035470781313,1.04223676922668,0.945566501614013,0.881067740462041,0.859464321257655
26,22,0.370095288822085,0.375517900457202,0.392129249221791,0.417132150833484,0.447729421009913,0.48112387546871,0.514518329927507,0.545115600103936,0.570118501715629,0.586729850480219,0.592152462115336,0.584609879234634,0.566408552035857,0.540875657612768,0.511338373059131,0.48112387546871,0.453103368181638,0.42832415952352,0.407377584066331,0.390854976382045,0.379347671042637,0.373139884872118,0.371287363702655,0.372538735618451,0.375642628703711,0.379347671042637,0.382606554309624,0.385188224539827,0.387065691358592,0.388211964391264,0.388600053263189,0.388211964391264,0.387065691358592,0.385188224539827,0.382606554309624,0.379347671042637,0.375642628703711,0.372538735618451,0.371287363702655,0.373139884872118,0.379347671042637,0.390854976382045,0.407377584066331,0.42832415952352,0.453103368181638,0.48112387546871,0.511338373059131,0.540875657612768,0.566408552035857,0.584609879234634,0.592152462115336,0.586729850480219,0.570118501715629,0.545115600103936,0.514518329927507,0.48112387546871,0.447729421009913,0.417132150833484,0.392129249221791,0.375517900457202,0.370095288822085
19,23,1.09792607726531,1.14023929905853,1.26413631404947,1.44922117393869,1.67509793042678,1.9213706352143,2.16764334000182,2.39352009648991,2.57860495637913,2.70250197137007,2.74481519316328,2.69236950883159,2.5608731469368,2.37325517141296,2.1524446461941,1.9213706352143,1.70086825720387,1.50339685007832,1.3393218065494,1.2190085193289,1.15282238112858,1.14723327014741,1.19312900653307,1.27750189592044,1.38734424394439,1.50964835623981,1.63195489489119,1.74399794778162,1.83605995924381,1.89842337361046,1.9213706352143,1.89842337361046,1.83605995924381,1.74399794778162,1.63195489489119,1.50964835623981,1.38734424394439,1.27750189592044,1.19312900653307,1.14723327014741,1.15282238112858,1.2190085193289,1.3393218065494,1.50339685007832,1.70086825720387,1.9213706352143,2.1524446461941,2.37325517141296,2.5608731469368,2.69236950883159,2.74481519316328,2.70250197137007,2.57860495637913,2.39352009648991,2.16764334000182,1.9213706352143,1.67509793042678,1.44922117393869,1.26413631404947,1.14023929905853,1.09792607726531
24,23,0.0619173776689605,0.0643036255124279,0.0712907792271464,0.0817286123453033,0.0944668983990857,0.108355410920681,0.122243923442276,0.134982209496058,0.145420042614215,0.152407196328934,0.154793444172401,0.15183577761259,0.144420059860614,0.133839372063371,0.12138679536776,0.108355410920681,0.0959202121410128,0.0847838415355631,0.0755308538831201,0.0687458039624724,0.0650132465524085,0.064698049470728,0.0672863326912743,0.0720445292269022,0.0782390720904661,0.0851363942948207,0.0920338533331591,0.0983525046200285,0.103544328050315,0.107061303518904,0.108355410920681,0.107061303518904,0.103544328050315,0.0983525046200285,0.0920338533331591,0.0851363942948207,0.0782390720904661,0.0720445292269022,0.0672863326912743,0.064698049470728,0.0650132465524085,0.0687458039624724,0.0755308538831201,0.0847838415355631,0.0959202121410128,0.108355410920681,0.12138679536776,0.133839372063371,0.144420059860614,0.15183577761259,0.154793444172401,0.152407196328934,0.145420042614215,0.134982209496058,0.122243923442276,0.108355410920681,0.0944668983990857,0.0817286123453033,0.0712907792271464,0.0643036255124279,0.0619173776689605
25,23,0.0259736380887813,0.026354202112049,0.0275200023100228,0.0292747296390262,0.0314220750553827,0.0337657295154157,0.0361093839754488,0.0382567293918053,0.0400114567208087,0.0411772569187825,0.0415578209420502,0.0410284753277855,0.039751088936564,0.0379591662098114,0.0358862115889533,0.0337657295154157,0.0317992237604929,0.0300601954149531,0.0285901448994332,0.0274305726345702,0.0266229790410009,0.0261873107247714,0.0260572990335645,0.0261451215004725,0.0263629556585872,0.0266229790410009,0.0268516905569451,0.0270328746202097,0.0271646370207242,0.0272450835484179,0.0272723199932204,0.0272450835484179,0.0271646370207242,0.0270328746202097,0.0268516905569451,0.0266229790410009,0.0263629556585872,0.0261451215004725,0.0260572990335645,0.0261873107247714,0.0266229790410009,0.0274305726345702,0.0285901448994332,0.0300601954149531,0.0317992237604929,0.0337657295154157,0.0358862115889533,0.0379591662098114,0.039751088936564,0.0410284753277855,0.0415578209420502,0.0411772569187825,0.0400114567208087,0.0382567293918053,0.0361093839754488,0.0337657295154157,0.0314220750553827,0.0292747296390262,0.0275200023100228,0.026354202112049,0.0259736380887813
18,24,1.63604144591699,1.66001261671573,1.73344466481866,1.84397237089972,1.97923051563288,2.12685387969209,2.27447724375129,2.40973538848445,2.52026309456552,2.59369514266844,2.61766631346718,2.58432360802133,2.50386290893308,2.39099231919023,2.26041994178063,2.12685387969209,2.00298656053984,1.89344771044873,1.80085138017104,1.72781162045901,1.67694248206491,1.64950037250799,1.64131112637538,1.64684293502125,1.66056398979971,1.67694248206491,1.691348685692,1.70276120464015,1.71106072538955,1.71612793442038,1.71784351821284,1.71612793442038,1.71106072538955,1.70276120464015,1.691348685692,1.67694248206491,1.66056398979971,1.64684293502125,1.64131112637538,1.64950037250799,1.67694248206491,1.72781162045901,1.80085138017104,1.89344771044873,2.00298656053984,2.12685387969209,2.26041994178063,2.39099231919023,2.50386290893308,2.58432360802133,2.61766631346718,2.59369514266844,2.52026309456552,2.40973538848445,2.27447724375129,2.12685387969209,1.97923051563288,1.84397237089972,1.73344466481865,1.66001261671573,1.63604144591699
19,24,0.923375342709715,0.936904577012843,0.978349335488941,1.04073073709477,1.11706990078708,1.20038794552263,1.28370599025818,1.36004515395049,1.42242655555632,1.46387131403242,1.47740054833554,1.45858205682069,1.41317035543581,1.34946663952705,1.2757721044406,1.20038794552263,1.13047771888492,1.0686544237017,1.01639341991283,0.97517006745813,0.946459726277457,0.93097150782184,0.926349529587061,0.929471660580091,0.937215769807899,0.946459726277457,0.954590530814533,0.961031711520087,0.965715928313878,0.968575841115663,0.9695441098452,0.968575841115663,0.965715928313878,0.961031711520087,0.954590530814533,0.946459726277457,0.937215769807899,0.929471660580091,0.926349529587061,0.93097150782184,0.946459726277457,0.97517006745813,1.01639341991283,1.0686544237017,1.13047771888492,1.20038794552263,1.2757721044406,1.34946663952705,1.41317035543581,1.45858205682069,1.47740054833554,1.46387131403242,1.42242655555632,1.36004515395049,1.28370599025818,1.20038794552263,1.11706990078708,1.04073073709477,0.97834933548894,0.936904577012843,0.923375342709715
21,24,1.19334540345904,1.23933601227875,1.37400075556456,1.57517109969994,1.82067851106837,2.08835445605331,2.35603040103826,2.60153781240669,2.80270815654207,2.93737289982787,2.98336350864759,2.92635983815971,2.78343529862277,2.57951168907036,2.33951080853601,2.08835445605331,1.84868850340016,1.63405511333184,1.45572052134796,1.32495096294813,1.25301267363199,1.24693782029084,1.29682229538284,1.38852792275783,1.50791652626566,1.64084992975618,1.7737859704741,1.89556653924367,1.99562954028399,2.06341287781417,2.08835445605331,2.06341287781417,1.99562954028399,1.89556653924367,1.7737859704741,1.64084992975618,1.50791652626566,1.38852792275783,1.29682229538284,1.24693782029084,1.25301267363199,1.32495096294813,1.45572052134796,1.63405511333184,1.84868850340016,2.08835445605331,2.33951080853601,2.57951168907036,2.78343529862278,2.92635983815971,2.98336350864759,2.93737289982787,2.80270815654207,2.60153781240669,2.35603040103826,2.08835445605331,1.82067851106837,1.57517109969994,1.37400075556456,1.23933601227875,1.19334540345904
23,24,0.0704266228239145,0.0714585090323621,0.0746195360148012,0.079377418577734,0.0851998715276624,0.0915546096710888,0.0979093478145152,0.103731800764444,0.108489683327376,0.111650710309816,0.112682596518263,0.111247294163164,0.107783705070737,0.102924968471142,0.0973042235945386,0.0915546096710888,0.0862224972188548,0.0815071819075073,0.0775211906946192,0.0743770505377633,0.0721872883945123,0.0710059887984162,0.0706534665869329,0.0708915941734978,0.0714822439715458,0.0721872883945123,0.0728074317727264,0.0732987061040937,0.0736559753034137,0.073874103285486,0.0739479539651102,0.073874103285486,0.0736559753034137,0.0732987061040937,0.0728074317727264,0.0721872883945123,0.0714822439715458,0.0708915941734978,0.0706534665869329,0.0710059887984162,0.0721872883945123,0.0743770505377633,0.0775211906946192,0.0815071819075073,0.0862224972188548,0.0915546096710888,0.0973042235945386,0.102924968471142,0.107783705070737,0.111247294163165,0.112682596518263,0.111650710309816,0.108489683327376,0.103731800764444,0.0979093478145152,0.0915546096710888,0.0851998715276624,0.0793774185777339,0.0746195360148012,0.0714585090323621,0.0704266228239145
25,24,0.0686500357917985,0.0696558915648364,0.0727371782541876,0.0773750381307739,0.0830506134655168,0.0892450465293381,0.0954394795931594,0.101115054927902,0.105752914804489,0.10883420149384,0.109840057266878,0.108440961951801,0.105064745605922,0.100328575843826,0.0948496202801019,0.0892450465293381,0.084047442327771,0.0794510758982324,0.0755656355852028,0.072500809733163,0.0703662866865935,0.0692147866387266,0.0688711571778019,0.0691032777408107,0.0696790277647441,0.0703662866865935,0.070970786283527,0.0714496676934205,0.0717979243943268,0.0720105498642985,0.0720825375813885,0.0720105498642985,0.0717979243943268,0.0714496676934205,0.070970786283527,0.0703662866865935,0.0696790277647441,0.0691032777408107,0.0688711571778019,0.0692147866387266,0.0703662866865935,0.072500809733163,0.0755656355852028,0.0794510758982324,0.084047442327771,0.0892450465293381,0.0948496202801019,0.100328575843826,0.105064745605922,0.108440961951801,0.109840057266878,0.10883420149384,0.105752914804489,0.101115054927902,0.0954394795931594,0.0892450465293381,0.0830506134655168,0.0773750381307738,0.0727371782541876,0.0696558915648364,0.0686500357917985
28,24,0.784193279152691,0.80390469209652,0.862754715021309,0.950958695431818,1.05873198083281,1.17628991872904,1.29384785662527,1.40162114202625,1.48982512243676,1.54867514536155,1.56838655830538,1.54268581503503,1.47934379436535,1.38964248137321,1.28486386113548,1.17628991872904,1.07401898396078,0.983414765557722,0.908657316976928,0.853926691675445,0.823402943110325,0.819666543751534,0.838899642120675,0.875684805752267,0.924604602180824,0.980241598940864,1.03723208730536,1.09042725350115,1.1347320074935,1.1650512592477,1.17628991872904,1.1650512592477,1.1347320074935,1.09042725350115,1.03723208730536,0.980241598940864,0.924604602180824,0.875684805752267,0.838899642120675,0.819666543751534,0.823402943110325,0.853926691675445,0.908657316976928,0.983414765557722,1.07401898396078,1.17628991872904,1.28486386113548,1.38964248137321,1.47934379436535,1.54268581503503,1.56838655830538,1.54867514536155,1.48982512243676,1.40162114202625,1.29384785662527,1.17628991872904,1.05873198083281,0.950958695431818,0.862754715021309,0.80390469209652,0.784193279152691
17,25,2.47255558437318,2.53470552297353,2.72025920813186,2.99836570320867,3.33817407156447,3.70883337655977,4.07949268155506,4.41930104991086,4.69740754498767,4.882961230146,4.94511116874636,4.86407691611375,4.66435999543123,4.38153242184636,4.05116621050668,3.70883337655977,3.38637387887885,3.10069945123993,2.86498977114466,2.69242451609474,2.59618336359184,2.58440252416662,2.64504434046579,2.76102768816503,2.91527144294003,3.09069448046647,3.27038506696838,3.43810903086304,3.57780159111608,3.67339796669311,3.70883337655977,3.67339796669311,3.57780159111608,3.43810903086304,3.27038506696838,3.09069448046647,2.91527144294003,2.76102768816503,2.64504434046579,2.58440252416662,2.59618336359184,2.69242451609474,2.86498977114466,3.10069945123993,3.38637387887885,3.70883337655977,4.05116621050668,4.38153242184636,4.66435999543123,4.86407691611375,4.94511116874636,4.882961230146,4.69740754498767,4.41930104991086,4.07949268155506,3.70883337655977,3.33817407156447,2.99836570320867,2.72025920813186,2.53470552297353,2.47255558437318
19,25,0.835410355570683,0.856409156419878,0.919102780407656,1.01306752174937,1.12787967466037,1.25311553335602,1.37835139205167,1.49316354496268,1.58712828630439,1.64982191029217,1.67082071114137,1.64344140600741,1.57596240380607,1.48040253639317,1.36878063562454,1.25311553335602,1.14416509951449,1.04764335631098,0.968003364027547,0.90969818294627,0.877180873349217,0.873200443014166,0.893689689701732,0.932877358668237,0.984992195170003,1.04426294446335,1.10497558433726,1.16164502271127,1.2088434000376,1.24114285676845,1.25311553335602,1.24114285676845,1.2088434000376,1.16164502271127,1.10497558433726,1.04426294446335,0.984992195170003,0.932877358668237,0.893689689701732,0.873200443014166,0.877180873349217,0.90969818294627,0.968003364027547,1.04764335631098,1.14416509951449,1.25311553335602,1.36878063562454,1.48040253639317,1.57596240380607,1.64344140600741,1.67082071114137,1.64982191029217,1.58712828630439,1.49316354496268,1.37835139205167,1.25311553335602,1.12787967466037,1.01306752174937,0.919102780407656,0.856409156419878,0.835410355570683
23,25,0.0308267649631569,0.0316016238022529,0.033915027746162,0.037382340518681,0.0416189258436065,0.0462401474447353,0.0508613690458641,0.0550979543707896,0.0585652671433086,0.0608786710872177,0.0616535299263137,0.0606432295408914,0.0581532444372375,0.0546270712781369,0.0505082067263746,0.0462401474447353,0.0422198604154076,0.0386581938981948,0.0357194664723038,0.0335679967169414,0.0323681032113147,0.0322212247466505,0.0329772809622552,0.0344233117094551,0.0363463568395766,0.0385334562039461,0.0407737615427603,0.0428648721516975,0.0446064992153066,0.0457983539181363,0.0462401474447353,0.0457983539181363,0.0446064992153066,0.0428648721516975,0.0407737615427603,0.0385334562039461,0.0363463568395766,0.0344233117094551,0.0329772809622552,0.0322212247466505,0.0323681032113147,0.0335679967169414,0.0357194664723037,0.0386581938981948,0.0422198604154076,0.0462401474447353,0.0505082067263746,0.0546270712781369,0.0581532444372375,0.0606432295408914,0.0616535299263137,0.0608786710872177,0.0585652671433086,0.0550979543707896,0.0508613690458641,0.0462401474447353,0.0416189258436065,0.037382340518681,0.033915027746162,0.0316016238022529,0.0308267649631569
24,25,0.0632157747960289,0.0656520618604884,0.0727857350282445,0.083442447773473,0.0964478535703497,0.110627605893051,0.124807358215751,0.137812764012628,0.148469476757857,0.155603149925613,0.158039436990072,0.155019748653683,0.147448524531979,0.136645961468769,0.123932256307857,0.110627605893051,0.0979316430600925,0.0865617446124691,0.0771147233456026,0.0701873920549156,0.0663765635358303,0.0660547568236919,0.0686973159135356,0.0735552910403195,0.0798797324390015,0.0869216903445397,0.0939637879534476,0.100414940308461,0.105715635413872,0.109306361273971,0.110627605893051,0.109306361273971,0.105715635413872,0.100414940308461,0.0939637879534476,0.0869216903445397,0.0798797324390015,0.0735552910403195,0.0686973159135356,0.0660547568236919,0.0663765635358303,0.0701873920549156,0.0771147233456026,0.0865617446124691,0.0979316430600925,0.110627605893051,0.123932256307857,0.136645961468769,0.14744852453198,0.155019748653683,0.158039436990072,0.155603149925613,0.148469476757857,0.137812764012628,0.124807358215751,0.110627605893051,0.0964478535703497,0.083442447773473,0.0727857350282445,0.0656520618604884,0.0632157747960289
28,25,0.656866849800588,0.682181990118096,0.756307055203991,0.867039563866175,1.00217703491255,1.14951698715103,1.2968569393895,1.43199441043588,1.54272691909807,1.61685198418396,1.64216712450147,1.61078993785298,1.53211833801886,1.41987031777393,1.28776386989304,1.14951698715103,1.01759489747992,0.899451769440424,0.801289006750445,0.729308013127878,0.689710192290617,0.686366340824284,0.713824826785396,0.764303411098193,0.830019854686917,0.903191918475808,0.976365433904146,1.04339851447137,1.09847734419194,1.13578810708033,1.14951698715103,1.13578810708033,1.09847734419194,1.04339851447137,0.976365433904146,0.903191918475808,0.830019854686917,0.764303411098193,0.713824826785396,0.686366340824284,0.689710192290617,0.729308013127878,0.801289006750445,0.899451769440424,1.01759489747992,1.14951698715103,1.28776386989304,1.41987031777393,1.53211833801886,1.61078993785298,1.64216712450147,1.61685198418396,1.54272691909807,1.43199441043588,1.2968569393895,1.14951698715103,1.00217703491255,0.867039563866175,0.75630705520399,0.682181990118096,0.656866849800588
15,26,1.77014133219271,1.81463544824212,1.94747624240477,2.14657704515235,2.38985118695655,2.65521199828906,2.92057280962157,3.16384695142577,3.36294775417335,3.495788548336,3.54028266438542,3.48226897166405,3.33928849499744,3.13680779808187,2.90029344461364,2.65521199828906,2.42435818516931,2.21983938077513,2.05109112299215,1.92754894970601,1.85864839880234,1.85021431104056,1.8936287386752,1.97666303683459,2.08708856064704,2.21267666524089,2.34131997509538,2.46139619209351,2.56140428746921,2.62984323245642,2.65521199828906,2.62984323245642,2.56140428746921,2.46139619209351,2.34131997509538,2.21267666524089,2.08708856064704,1.97666303683459,1.8936287386752,1.85021431104056,1.85864839880234,1.92754894970601,2.05109112299215,2.21983938077513,2.42435818516931,2.65521199828906,2.90029344461364,3.13680779808187,3.33928849499744,3.48226897166405,3.54028266438542,3.495788548336,3.36294775417335,3.16384695142577,2.92057280962157,2.65521199828906,2.38985118695655,2.14657704515235,1.94747624240477,1.81463544824212,1.77014133219271
20,26,1.01094912379552,1.02576148333313,1.07113690146415,1.13943461354023,1.22301385491303,1.31423386093418,1.40545386695533,1.48903310832813,1.55733082040422,1.60270623853524,1.61751859807284,1.5969153432228,1.54719675360745,1.47745131770326,1.39676752398668,1.31423386093418,1.23769328301888,1.17000660870049,1.11278912243538,1.0676561086799,1.03622285189041,1.01926571631117,1.01420538533792,1.01762362215429,1.02610218994391,1.03622285189041,1.04512478953409,1.05217685784185,1.05730533013726,1.06043647974388,1.0614965799853,1.06043647974388,1.05730533013726,1.05217685784185,1.04512478953409,1.03622285189041,1.02610218994391,1.01762362215429,1.01420538533792,1.01926571631117,1.03622285189041,1.0676561086799,1.11278912243538,1.17000660870049,1.23769328301888,1.31423386093418,1.39676752398668,1.47745131770326,1.54719675360745,1.5969153432228,1.61751859807284,1.60270623853524,1.55733082040422,1.48903310832813,1.40545386695533,1.31423386093418,1.22301385491303,1.13943461354023,1.07113690146415,1.02576148333313,1.01094912379552
22,26,0.25350918443166,0.259881368881883,0.278906042660735,0.307420083436058,0.342260368875696,0.380263776647491,0.418267184419286,0.453107469858923,0.481621510634247,0.500646184413098,0.507018368863321,0.498709990509461,0.478233171302882,0.449235082051649,0.41536289356383,0.380263776647491,0.347202257308561,0.317912282344425,0.293745153750329,0.276052173521519,0.266184643653243,0.264976763428636,0.271194321282388,0.283086002937076,0.298900494115279,0.316886480539576,0.335310015412581,0.352506621857067,0.366829190475842,0.376630611871713,0.380263776647491,0.376630611871713,0.366829190475842,0.352506621857067,0.335310015412581,0.316886480539576,0.298900494115279,0.283086002937076,0.271194321282388,0.264976763428636,0.266184643653243,0.276052173521519,0.293745153750329,0.317912282344425,0.347202257308561,0.380263776647491,0.41536289356383,0.449235082051649,0.478233171302882,0.498709990509461,0.507018368863321,0.500646184413098,0.481621510634247,0.453107469858923,0.418267184419286,0.380263776647491,0.342260368875696,0.307420083436058,0.278906042660735,0.259881368881883,0.25350918443166
27,26,1.31360666858744,1.33285354640564,1.39181343908854,1.48055809291996,1.58915925418373,1.70768866916367,1.82621808414362,1.93481924540739,2.02356389923881,2.08252379192171,2.10177066973991,2.07499922068419,2.01039589957315,1.91977010293235,1.81493122728734,1.70768866916367,1.60823340361125,1.52028271977731,1.44593548533342,1.38729056795117,1.34644683530213,1.32441307924781,1.31783778840947,1.32227937559828,1.33329625362544,1.34644683530213,1.3580138314811,1.36717714518143,1.37384097746373,1.37790952938865,1.37928700201681,1.37790952938865,1.37384097746373,1.36717714518143,1.3580138314811,1.34644683530213,1.33329625362544,1.32227937559828,1.31783778840947,1.32441307924781,1.34644683530213,1.38729056795117,1.44593548533342,1.52028271977731,1.60823340361125,1.70768866916367,1.81493122728734,1.91977010293235,2.01039589957315,2.07499922068419,2.10177066973991,2.08252379192171,2.02356389923881,1.93481924540739,1.82621808414362,1.70768866916367,1.58915925418373,1.48055809291996,1.39181343908854,1.33285354640564,1.31360666858744
29,26,2.27920777849495,2.367046683355,2.62424709615785,3.00846863991779,3.47737093764913,3.98861361236616,4.4998562870832,4.96875858481454,5.35298012857448,5.61018054137732,5.69801944623737,5.58914634981269,5.31617029333638,4.92669020168528,4.46830499973625,3.98861361236616,3.5308680996721,3.12093306263212,2.78032623744453,2.53056536030762,2.3931681674197,2.38156561467326,2.47684153673762,2.65199298797628,2.88001702275275,3.13391069543056,3.38780940503163,3.62040192921163,3.81151539028465,3.9409769105648,3.98861361236616,3.9409769105648,3.81151539028465,3.62040192921163,3.38780940503163,3.13391069543056,2.88001702275275,2.65199298797628,2.47684153673762,2.38156561467326,2.3931681674197,2.53056536030762,2.78032623744453,3.12093306263212,3.5308680996721,3.98861361236616,4.46830499973625,4.92669020168528,5.31617029333638,5.58914634981269,5.69801944623737,5.61018054137732,5.35298012857448,4.96875858481454,4.4998562870832,3.98861361236616,3.47737093764913,3.00846863991779,2.62424709615785,2.367046683355,2.27920777849495
15,27,2.61513589663602,2.65345269441435,2.7708303962059,2.94750377600737,3.16370760781544,3.39967666562682,3.6356457234382,3.85184955524627,4.02852293504774,4.14590063683929,4.18421743461763,4.13092067607889,4.00230800371704,3.82188963372547,3.6131757822976,3.39967666562682,3.20168053689577,3.02658779724398,2.87857688480023,2.76182623769329,2.68051429405192,2.63664936265862,2.62355923491082,2.63240157285966,2.65433403855631,2.68051429405192,2.70354193820694,2.72178431711905,2.73505071369524,2.7431504108425,2.74589269146782,2.7431504108425,2.73505071369524,2.72178431711905,2.70354193820694,2.68051429405192,2.65433403855631,2.63240157285966,2.62355923491082,2.63664936265862,2.68051429405192,2.76182623769329,2.87857688480023,3.02658779724398,3.20168053689577,3.39967666562682,3.6131757822976,3.82188963372547,4.00230800371704,4.13092067607889,4.18421743461763,4.14590063683929,4.02852293504774,3.85184955524627,3.6356457234382,3.39967666562682,3.16370760781544,2.94750377600737,2.7708303962059,2.65345269441435,2.61513589663602
21,27,1.39720766944342,1.43232775791248,1.53718163203172,1.69433584538861,1.8863569515706,2.09581150416513,2.30526605675966,2.49728716294164,2.65444137629853,2.75929525041777,2.79441533888683,2.74862398035016,2.6357666536802,2.47594462280641,2.28925915165823,2.09581150416513,1.91359400980741,1.75216326026891,1.61896691278432,1.52145262458831,1.46706805291559,1.46041086013035,1.49467872911484,1.56021934788082,1.64738040444005,1.74650958680427,1.84805030328968,1.94282884343016,2.02176721706401,2.07578743402957,2.09581150416513,2.07578743402957,2.02176721706401,1.94282884343016,1.84805030328968,1.74650958680427,1.64738040444005,1.56021934788082,1.49467872911484,1.46041086013035,1.46706805291559,1.52145262458831,1.61896691278432,1.75216326026891,1.91359400980741,2.09581150416513,2.28925915165823,2.47594462280641,2.6357666536802,2.74862398035016,2.79441533888683,2.75929525041777,2.65444137629853,2.49728716294164,2.30526605675966,2.09581150416513,1.8863569515706,1.69433584538861,1.53718163203172,1.43232775791248,1.39720766944342
26,27,0.858492568606446,0.871071144805033,0.909603706282153,0.967601756718173,1.03857679979346,1.11604033918838,1.1935038785833,1.26447892165859,1.32247697209461,1.36100953357173,1.37358810977031,1.35609193636106,1.31387117697593,1.25464372723725,1.18612748276729,1.11604033918838,1.05104249133385,0.993563330881291,0.944974548719312,0.906647835736542,0.879954882821607,0.865554974322772,0.861257768426874,0.864160516780394,0.871360471029812,0.879954882821607,0.887514360478209,0.893502939025847,0.8978580101667,0.900516965602948,0.901417197036768,0.900516965602948,0.8978580101667,0.893502939025847,0.887514360478209,0.879954882821607,0.871360471029812,0.864160516780394,0.861257768426874,0.865554974322772,0.879954882821607,0.906647835736542,0.944974548719312,0.993563330881291,1.05104249133385,1.11604033918838,1.18612748276729,1.25464372723725,1.31387117697593,1.35609193636106,1.37358810977031,1.36100953357173,1.32247697209461,1.26447892165859,1.1935038785833,1.11604033918838,1.03857679979346,0.967601756718173,0.909603706282153,0.871071144805033,0.858492568606446
29,27,1.15353410324753,1.18252923449689,1.26909655179652,1.39884300863383,1.55737555849628,1.73030115487129,1.9032267512463,2.06175930110875,2.19150575794607,2.27807307524569,2.30706820649506,2.26926287886818,2.17608791428543,2.04413890835373,1.89001145668004,1.73030115487129,1.57986246308136,1.44658529965178,1.33661844747103,1.25611068942758,1.2112108084099,1.20571463266051,1.23400617183806,1.28811648095526,1.36007661502481,1.44191762905941,1.52574960471752,1.60399873024058,1.66917022051577,1.71376929043028,1.73030115487129,1.71376929043028,1.66917022051577,1.60399873024058,1.52574960471752,1.44191762905941,1.36007661502481,1.28811648095526,1.23400617183806,1.20571463266051,1.2112108084099,1.25611068942758,1.33661844747103,1.44658529965178,1.57986246308136,1.73030115487129,1.89001145668004,2.04413890835373,2.17608791428543,2.26926287886818,2.30706820649506,2.27807307524569,2.19150575794607,2.06175930110875,1.9032267512463,1.73030115487129,1.55737555849628,1.39884300863383,1.26909655179652,1.18252923449689,1.15353410324753
21,28,0.754906663895373,0.773881931066966,0.830534131050522,0.91544403064305,1.01919239664156,1.13235999584306,1.24552759504456,1.34927596104307,1.4341858606356,1.49083806061915,1.50981332779075,1.48507240883921,1.4240959700207,1.33774465748319,1.23687911737465,1.13235999584306,1.03390848875697,0.946687990867211,0.874722446645211,0.822035800562383,0.792651997090142,0.789055137935758,0.807569953749926,0.842981332419193,0.890074161830107,0.943633329869216,0.998495441785679,1.04970397227909,1.09235411341165,1.12154105724558,1.13235999584306,1.12154105724558,1.09235411341165,1.04970397227909,0.998495441785679,0.943633329869216,0.890074161830107,0.842981332419193,0.807569953749926,0.789055137935758,0.792651997090142,0.822035800562383,0.874722446645211,0.946687990867211,1.03390848875697,1.13235999584306,1.23687911737465,1.33774465748319,1.4240959700207,1.48507240883921,1.50981332779075,1.49083806061915,1.4341858606356,1.34927596104307,1.24552759504456,1.13235999584306,1.01919239664156,0.91544403064305,0.830534131050522,0.773881931066966,0.754906663895373
24,28,0.509832442613154,0.522647545822617,0.560908076399982,0.618252677503273,0.688319992290514,0.764748663919731,0.841177335548948,0.91124465033619,0.96858925143948,1.00684978201685,1.01966488522631,1.00295590152696,0.961774960582189,0.903456889356428,0.835336514814127,0.764748663919731,0.698258626492261,0.639353543769039,0.590751019841959,0.555168658802918,0.535324064743812,0.532894896243759,0.545399029830766,0.569314396520063,0.601118927326879,0.637290553266443,0.674342133101434,0.708926236584331,0.737730361215061,0.757442004493551,0.764748663919731,0.757442004493551,0.737730361215061,0.708926236584331,0.674342133101434,0.637290553266443,0.601118927326879,0.569314396520063,0.545399029830766,0.532894896243759,0.535324064743812,0.555168658802918,0.590751019841959,0.639353543769039,0.698258626492261,0.764748663919731,0.835336514814127,0.903456889356428,0.961774960582189,1.00295590152696,1.01966488522631,1.00684978201685,0.96858925143948,0.91124465033619,0.841177335548948,0.764748663919731,0.688319992290514,0.618252677503273,0.560908076399982,0.522647545822617,0.509832442613154
25,28,0.704981078716774,0.732150504201286,0.811705087234467,0.930548538429151,1.07558456839817,1.23371688775435,1.39184920711054,1.53688523707956,1.65572868827424,1.73528327130742,1.76245269679193,1.72877719178318,1.64434304910681,1.52387307803107,1.38209008782417,1.23371688775435,1.09213175964027,0.965334875502274,0.859981879911145,0.782728417437665,0.740230132652612,0.736641350520404,0.76611111758,0.820287160763995,0.890817207004985,0.969348983235564,1.04788231743538,1.11982544177227,1.17893868946113,1.21898239371686,1.23371688775435,1.21898239371686,1.17893868946113,1.11982544177227,1.04788231743538,0.969348983235564,0.890817207004985,0.820287160763995,0.76611111758,0.736641350520404,0.740230132652612,0.782728417437665,0.859981879911145,0.965334875502274,1.09213175964027,1.23371688775435,1.38209008782417,1.52387307803107,1.64434304910681,1.72877719178318,1.76245269679193,1.73528327130742,1.65572868827424,1.53688523707956,1.39184920711054,1.23371688775435,1.07558456839817,0.930548538429151,0.811705087234467,0.732150504201286,0.704981078716774
29,28,1.04379693145946,1.07003371885928,1.14836577675652,1.26576928752682,1.40922043354583,1.56569539718919,1.72217036083255,1.86562150685156,1.98302501762186,2.06135707551909,2.08759386291892,2.05338500436965,1.96907389311033,1.84967736455267,1.71021225410838,1.56569539718919,1.42956813019202,1.30896979345472,1.20946422830031,1.13661527605187,1.09598677803243,1.09101346049823,1.1166135894382,1.16557631577446,1.23069079042913,1.30474616432432,1.38060309712221,1.45140828344519,1.51037992665571,1.55073623011623,1.56569539718919,1.55073623011623,1.51037992665571,1.45140828344519,1.38060309712221,1.30474616432432,1.23069079042913,1.16557631577446,1.1166135894382,1.09101346049823,1.09598677803243,1.13661527605187,1.20946422830031,1.30896979345472,1.42956813019202,1.56569539718919,1.71021225410838,1.84967736455267,1.96907389311033,2.05338500436965,2.08759386291892,2.06135707551909,1.98302501762186,1.86562150685156,1.72217036083255,1.56569539718919,1.40922043354583,1.26576928752682,1.14836577675652,1.07003371885928,1.04379693145946
21,29,0.97940859299444,0.993758822765829,1.0377185764094,1.10388547295712,1.18485713144092,1.27323117089277,1.36160521034462,1.44257686882843,1.50874376537614,1.55270351901972,1.5670537487911,1.54709329344393,1.49892587061852,1.43135641767687,1.35318987198095,1.27323117089277,1.19907857709898,1.13350365458482,1.07807129266021,1.03434638063507,1.0038938078193,0.987465716723549,0.982563262661378,0.985874854147083,0.994088899694959,1.0038938078193,1.01251801453485,1.01935006585814,1.02431853530613,1.02735199639582,1.02837902264416,1.02735199639582,1.02431853530613,1.01935006585814,1.01251801453485,1.0038938078193,0.994088899694959,0.985874854147083,0.982563262661378,0.987465716723549,1.0038938078193,1.03434638063507,1.07807129266021,1.13350365458482,1.19907857709898,1.27323117089277,1.35318987198095,1.43135641767687,1.49892587061852,1.54709329344393,1.5670537487911,1.55270351901972,1.50874376537614,1.44257686882843,1.36160521034462,1.27323117089277,1.18485713144092,1.10388547295712,1.0377185764094,0.993758822765829,0.97940859299444
26,29,1.85938123693986,1.88662476754961,1.97008119389712,2.09569729204796,2.24941983806767,2.41719560802182,2.58497137797598,2.73869392399569,2.86431002214652,2.94776644849403,2.97500997910378,2.93711558403846,2.84567100934927,2.71739219508454,2.56899508129261,2.41719560802182,2.276418875454,2.15192662430494,2.04668975542395,1.96367916966032,1.90586576786336,1.87467747264044,1.86537029363122,1.87165726223347,1.88725140984494,1.90586576786336,1.92223859557295,1.93520906380367,1.94464157127194,1.9504005166942,1.95235029878686,1.9504005166942,1.94464157127194,1.93520906380367,1.92223859557295,1.90586576786336,1.88725140984494,1.87165726223347,1.86537029363122,1.87467747264044,1.90586576786336,1.96367916966032,2.04668975542395,2.15192662430494,2.276418875454,2.41719560802182,2.56899508129261,2.71739219508454,2.84567100934927,2.93711558403846,2.97500997910378,2.94776644849403,2.86431002214652,2.73869392399569,2.58497137797598,2.41719560802182,2.24941983806767,2.09569729204796,1.97008119389712,1.88662476754961,1.85938123693986
27,29,1.15058222535852,1.16744047984278,1.21908318701854,1.29681423371292,1.39193750675306,1.49575689296607,1.59957627917909,1.69469955221923,1.77243059891361,1.82407330608937,1.84093156057363,1.81748256768467,1.76089680670538,1.68151807540981,1.58969017157203,1.49575689296607,1.4086444692099,1.33160885729703,1.26648844606488,1.21512162435089,1.17934678099248,1.16004751228426,1.15428824434959,1.15817861076904,1.16782824512315,1.17934678099248,1.18947826138351,1.19750436700637,1.20334118799711,1.20690481449179,1.20811133662644,1.20690481449179,1.20334118799711,1.19750436700637,1.18947826138351,1.17934678099248,1.16782824512315,1.15817861076904,1.15428824434959,1.16004751228426,1.17934678099248,1.21512162435089,1.26648844606488,1.33160885729703,1.4086444692099,1.49575689296607,1.58969017157203,1.68151807540981,1.76089680670538,1.81748256768467,1.84093156057363,1.82407330608937,1.77243059891361,1.69469955221923,1.59957627917909,1.49575689296607,1.39193750675306,1.29681423371292,1.21908318701854,1.16744047984278,1.15058222535852
28,29,1.30033232318688,1.333017361516,1.43060119583816,1.57685912715511,1.75556645646858,1.95049848478031,2.14543051309205,2.32413784240552,2.47039577372246,2.56797960804463,2.60066464637375,2.55804823012433,2.45301586236195,2.30427508656492,2.1305334462116,1.95049848478031,1.7809150341986,1.63067708019079,1.50671589693043,1.41596275859106,1.36534893934622,1.35915332279641,1.39104523024995,1.45204159244213,1.53315934010825,1.62541540398359,1.71991579834382,1.80812287162607,1.88158805580789,1.9318627828668,1.95049848478031,1.9318627828668,1.88158805580789,1.80812287162607,1.71991579834382,1.62541540398359,1.53315934010825,1.45204159244213,1.39104523024995,1.35915332279641,1.36534893934622,1.41596275859106,1.50671589693043,1.63067708019079,1.7809150341986,1.95049848478031,2.1305334462116,2.30427508656492,2.45301586236195,2.55804823012433,2.60066464637375,2.56797960804463,2.47039577372246,2.32413784240552,2.14543051309205,1.95049848478031,1.75556645646858,1.57685912715511,1.43060119583816,1.333017361516,1.30033232318688
